32 62.1113
34 62.1113
36 62.1113
38 62.1113
40 62.1113
42 62.1113
44 62.1113
46 62.1113
48 62.1113
50 62.1113
52 62.1113
54 62.1113
56 62.1113
58 62.1113
60 62.1113
62 62.1113
64 62.1113
66 62.1113
68 62.1113
70 62.1113
72 62.1113
74 62.1113
76 62.1113
78 62.1113
80 62.2899
82 62.2899
84 62.2899
86 65.4097
88 65.4097
90 65.4097
92 65.4097
94 65.4097
96 65.4097
98 65.4097
100 65.4097
102 65.4097
104 65.4097
106 65.4097
108 65.4097
110 65.4097
112 65.4097
114 65.4097
116 65.4097
118 65.4097
120 65.4097
122 65.4097
124 65.4097
126 65.4097
128 65.4097
130 65.4097
132 65.9454
134 65.9454
136 65.9454
138 65.9454
140 65.9454
142 65.9454
144 65.9454
146 67.9517
148 67.9517
150 67.9517
152 67.9517
154 67.9517
156 67.9517
158 67.9517
160 67.9517
162 67.9517
164 67.9517
166 67.9517
168 67.9517
170 67.9517
172 67.9517
174 67.9517
176 67.9517
178 67.9517
180 68.8866
182 68.8866
184 68.8866
186 68.8866
188 68.8866
190 69.2437
192 69.2437
194 69.2437
196 69.2437
198 69.2437
200 69.2437
202 69.2437
204 69.2437
206 69.2437
208 70.5357
210 70.5357
212 70.5357
214 70.5357
216 70.5357
218 70.5357
220 70.5357
222 70.5357
224 70.5357
226 70.5357
228 70.5357
230 70.5357
232 70.5357
234 70.5357
236 70.5357
238 70.5357
240 70.7143
242 70.7143
244 70.7143
246 70.8929
248 70.8929
250 71.0714
252 71.0714
254 72.7206
256 72.7206
258 72.7206
260 72.7206
262 72.7206
264 72.7206
266 72.7206
268 72.7206
270 72.7206
272 72.7206
274 72.7206
276 72.7206
278 72.7206
280 72.7206
282 72.7206
284 72.7206
286 72.7206
288 72.7206
290 72.7206
292 72.7206
294 72.7206
296 72.7206
298 72.7206
300 72.7206
302 72.7206
304 75.3046
306 75.3046
308 75.3046
310 75.3046
312 75.3046
314 75.3046
316 75.3046
318 75.3046
320 75.3046
322 75.3046
324 75.3046
326 75.3046
328 75.3046
330 75.3046
332 75.3046
334 75.3046
336 75.3046
338 75.3046
340 75.3046
342 75.3046
344 75.3046
346 75.3046
348 75.3046
350 75.3046
352 75.3046
354 75.3046
356 75.3046
358 75.3046
360 75.3046
362 75.3046
364 75.3046
366 75.3046
368 75.3046
370 75.3046
372 75.3046
374 75.3046
376 75.3046
378 75.3046
380 75.3046
382 75.3046
384 75.3046
386 75.3046
388 75.3046
390 75.3046
392 75.3046
394 75.3046
396 75.3046
398 75.3046
400 75.3046
402 75.3046
404 75.3046
406 75.3046
408 75.3046
410 75.3046
412 75.3046
414 75.3046
416 75.3046
418 75.3046
420 75.3046
422 75.3046
424 75.3046
426 75.3046
428 75.3046
430 75.3046
432 75.3046
434 75.3046
436 75.3046
438 75.3046
440 75.3046
442 75.3046
444 75.3046
446 75.3046
448 75.3046
450 75.3046
452 75.3046
454 75.3046
456 75.3046
458 75.3046
460 75.3046
462 75.3046
464 75.3046
466 75.3046
468 75.3046
470 75.3046
472 75.3046
474 75.3046
476 75.3046
478 75.3046
480 75.3046
482 75.3046
484 75.3046
486 75.3046
488 75.3046
490 75.3046
492 75.3046
494 75.3046
496 75.3046
498 75.3046
500 75.3046
502 75.3046
504 75.3046
506 75.3046
508 75.3046
510 75.3046
512 75.3046
514 75.3046
516 75.3046
518 75.3046
520 75.3046
522 75.3046
524 75.3046
526 75.3046
528 75.3046
530 75.3046
532 75.3046
534 75.3046
536 75.3046
538 75.3046
540 75.3046
542 75.3046
544 75.3046
546 75.3046
548 75.3046
550 75.3046
552 75.3046
554 75.3046
556 75.3046
558 75.3046
560 75.3046
562 75.3046
564 75.3046
566 75.3046
568 75.3046
570 75.3046
572 75.3046
574 75.3046
576 75.3046
578 75.3046
580 75.3046
582 75.3046
584 75.3046
586 75.3046
588 75.3046
590 75.3046
592 75.3046
594 75.3046
596 75.3046
598 75.3046
600 75.3046
602 75.3046
604 75.3046
606 75.3046
608 75.3046
610 75.3046
612 75.3046
614 75.3046
616 75.3046
618 75.3046
620 75.3046
622 75.3046
624 75.3046
626 75.3046
628 75.3046
630 75.3046
632 75.3046
634 75.3046
636 75.3046
638 75.3046
640 75.3046
642 75.3046
644 75.3046
646 75.3046
648 75.3046
650 75.3046
652 75.3046
654 75.3046
656 75.3046
658 75.3046
660 75.3046
662 75.3046
664 75.3046
666 75.3046
668 75.3046
670 75.3046
672 75.3046
674 75.3046
676 75.3046
678 75.3046
680 75.3046
682 75.3046
684 75.3046
686 75.3046
688 75.4832
690 75.4832
692 75.4832
694 75.4832
696 75.4832
698 75.4832
700 75.4832
702 75.4832
704 75.4832
706 75.4832
708 75.4832
710 75.4832
712 75.4832
714 75.4832
716 75.4832
718 75.4832
720 75.4832
722 75.4832
724 75.4832
726 75.4832
728 75.4832
730 75.4832
732 75.4832
734 75.4832
736 75.4832
738 75.4832
740 75.4832
742 75.4832
744 75.4832
746 75.4832
748 75.4832
750 75.4832
752 75.4832
754 75.4832
756 75.4832
758 75.4832
760 75.4832
762 75.4832
764 75.4832
766 75.4832
768 75.4832
770 75.4832
772 75.4832
774 75.4832
776 75.4832
778 75.4832
780 75.4832
782 75.4832
784 75.4832
786 75.4832
788 75.4832
790 75.4832
792 75.4832
794 75.4832
796 75.4832
798 75.4832
800 75.4832
802 75.4832
804 75.4832
806 75.4832
808 75.4832
810 75.4832
812 75.4832
814 75.4832
816 75.4832
818 75.4832
820 75.4832
822 75.4832
824 75.4832
826 75.4832
828 75.4832
830 75.4832
832 75.4832
834 75.4832
836 75.4832
838 75.4832
840 75.4832
842 75.4832
844 75.4832
846 75.4832
848 75.4832
850 75.4832
852 75.4832
854 75.4832
856 75.4832
858 75.4832
860 75.4832
862 75.4832
864 75.4832
866 75.4832
868 75.4832
870 75.4832
872 75.4832
874 75.4832
876 75.4832
878 75.4832
880 75.4832
882 75.4832
884 75.4832
886 75.4832
888 75.4832
890 75.4832
892 75.4832
894 75.4832
896 75.4832
898 75.4832
900 75.4832
902 75.4832
904 75.4832
906 75.4832
908 75.4832
910 75.4832
912 75.4832
914 75.4832
916 75.4832
918 75.4832
920 75.4832
922 75.4832
924 75.4832
926 75.4832
928 75.4832
930 75.4832
932 75.4832
934 75.4832
936 75.4832
938 75.4832
940 75.4832
942 75.4832
944 75.4832
946 75.4832
948 75.4832
950 75.4832
952 75.4832
954 75.4832
956 75.4832
958 75.4832
960 75.4832
962 75.4832
964 75.4832
966 75.4832
968 75.4832
970 75.4832
972 75.4832
974 75.4832
976 75.4832
978 75.4832
980 75.4832
982 75.4832
984 75.4832
986 75.4832
988 75.4832
990 75.4832
992 75.4832
994 75.4832
996 75.4832
998 75.4832
1000 75.4832
1002 75.4832
1004 75.4832
1006 75.4832
1008 75.4832
1010 75.4832
1012 75.4832
1014 75.4832
1016 75.4832
1018 75.4832
1020 75.4832
1022 75.4832
1024 75.4832
1026 75.4832
1028 75.4832
1030 75.4832
1032 75.4832
1034 75.4832
1036 75.4832
1038 75.4832
1040 75.4832
1042 75.4832
1044 75.4832
1046 75.4832
1048 75.4832
1050 75.4832
1052 75.4832
1054 75.4832
1056 75.4832
1058 75.4832
1060 75.4832
1062 75.4832
1064 75.4832
1066 75.4832
1068 75.4832
1070 75.4832
1072 75.4832
1074 75.4832
1076 75.4832
1078 75.4832
1080 75.4832
1082 75.4832
1084 75.4832
1086 75.4832
1088 75.4832
1090 75.4832
1092 75.4832
1094 75.4832
1096 75.4832
1098 75.4832
1100 75.4832
1102 75.4832
1104 75.4832
1106 75.4832
1108 75.4832
1110 75.4832
1112 75.4832
1114 75.4832
1116 75.4832
1118 75.4832
1120 75.4832
1122 75.4832
1124 75.4832
1126 75.4832
1128 75.4832
1130 75.4832
1132 75.4832
1134 75.4832
1136 75.4832
1138 75.4832
1140 75.4832
1142 75.4832
1144 75.4832
1146 75.4832
1148 75.4832
1150 75.4832
1152 75.4832
1154 75.4832
1156 75.4832
1158 75.4832
1160 75.4832
1162 75.4832
1164 75.4832
1166 75.4832
1168 75.4832
1170 75.4832
1172 75.4832
1174 75.4832
1176 75.4832
1178 75.4832
1180 75.4832
1182 75.4832
1184 75.4832
1186 75.4832
1188 75.4832
1190 75.4832
1192 75.4832
1194 75.4832
1196 75.4832
1198 75.4832
1200 75.4832
1202 75.4832
1204 75.4832
1206 75.4832
1208 75.4832
1210 75.4832
1212 75.4832
1214 75.4832
1216 75.4832
1218 75.4832
1220 75.4832
1222 75.4832
1224 75.4832
1226 75.4832
1228 75.4832
1230 75.4832
1232 75.4832
1234 75.4832
1236 75.4832
1238 75.4832
1240 75.4832
1242 75.4832
1244 75.4832
1246 75.4832
1248 75.4832
1250 75.4832
1252 75.4832
1254 75.4832
1256 75.4832
1258 75.4832
1260 75.4832
1262 75.4832
1264 75.4832
1266 75.4832
1268 75.4832
1270 75.4832
1272 75.4832
1274 75.4832
1276 75.4832
1278 75.4832
1280 75.4832
1282 75.4832
1284 75.4832
1286 75.4832
1288 75.4832
1290 75.4832
1292 75.4832
1294 75.4832
1296 75.4832
1298 75.4832
1300 75.4832
1302 75.4832
1304 75.4832
1306 75.4832
1308 75.4832
1310 75.4832
1312 75.4832
1314 75.4832
1316 75.4832
1318 75.4832
1320 75.4832
1322 75.4832
1324 75.4832
1326 75.4832
1328 75.4832
1330 75.4832
1332 75.4832
1334 75.4832
1336 75.4832
1338 75.4832
1340 75.4832
1342 75.4832
1344 75.4832
1346 75.4832
1348 75.4832
1350 75.4832
1352 75.4832
1354 75.4832
1356 75.4832
1358 75.4832
1360 75.4832
1362 75.4832
1364 75.4832
1366 75.4832
1368 75.4832
1370 75.4832
1372 75.4832
1374 75.4832
1376 75.4832
1378 75.4832
1380 75.4832
1382 75.4832
1384 75.4832
1386 75.4832
1388 75.4832
1390 75.4832
1392 75.4832
1394 75.4832
1396 75.4832
1398 75.4832
1400 75.4832
1402 75.4832
1404 75.4832
1406 75.4832
1408 75.4832
1410 75.4832
1412 75.4832
1414 75.4832
1416 75.4832
1418 75.4832
1420 75.4832
1422 75.4832
1424 75.4832
1426 75.4832
1428 75.4832
1430 75.4832
1432 75.4832
1434 75.4832
1436 75.4832
1438 75.4832
1440 75.4832
1442 75.4832
1444 75.4832
1446 75.4832
1448 75.4832
1450 75.4832
1452 75.4832
1454 75.4832
1456 75.4832
1458 75.4832
1460 75.4832
1462 75.4832
1464 75.4832
1466 75.4832
1468 75.4832
1470 75.4832
1472 75.4832
1474 75.4832
1476 75.4832
1478 75.4832
1480 75.4832
1482 75.4832
1484 75.4832
1486 75.4832
1488 75.4832
1490 75.4832
1492 75.4832
1494 75.4832
1496 75.4832
1498 75.4832
1500 75.4832
1502 75.4832
1504 75.4832
1506 75.4832
1508 75.4832
1510 75.4832
1512 75.4832
1514 75.4832
1516 75.4832
1518 75.4832
1520 75.4832
1522 75.4832
1524 75.4832
1526 75.4832
1528 75.4832
1530 75.4832
1532 75.4832
1534 75.4832
1536 75.4832
1538 75.4832
1540 75.4832
1542 75.4832
1544 75.4832
1546 75.4832
1548 75.4832
1550 75.4832
1552 75.4832
1554 75.4832
1556 75.4832
1558 75.4832
1560 75.4832
1562 75.4832
1564 75.4832
1566 75.4832
1568 75.4832
1570 75.4832
1572 75.4832
1574 75.4832
1576 75.4832
1578 75.4832
1580 75.4832
1582 75.4832
1584 75.4832
1586 75.4832
1588 75.4832
1590 75.4832
1592 75.4832
1594 75.4832
1596 75.4832
1598 75.4832
1600 75.4832
1602 75.4832
1604 75.4832
1606 75.4832
1608 75.4832
1610 75.4832
1612 75.4832
1614 75.4832
1616 75.4832
1618 75.4832
1620 75.4832
1622 75.4832
1624 75.4832
1626 75.4832
1628 75.4832
1630 75.4832
1632 75.4832
1634 75.4832
1636 75.4832
1638 75.4832
1640 75.4832
1642 75.4832
1644 75.4832
1646 75.4832
1648 75.4832
1650 75.4832
1652 75.4832
1654 75.4832
1656 75.4832
1658 75.4832
1660 75.4832
1662 75.4832
1664 75.4832
1666 75.4832
1668 75.4832
1670 75.4832
1672 75.4832
1674 75.4832
1676 75.4832
1678 75.4832
1680 75.4832
1682 75.4832
1684 75.4832
1686 75.4832
1688 75.4832
1690 75.4832
1692 75.4832
1694 75.4832
1696 75.4832
1698 75.4832
1700 75.4832
1702 75.4832
1704 75.4832
1706 75.4832
1708 75.4832
1710 75.4832
1712 75.4832
1714 75.4832
1716 75.4832
1718 75.4832
1720 75.4832
1722 75.4832
1724 75.4832
1726 75.4832
1728 75.4832
1730 75.4832
1732 75.4832
1734 75.4832
1736 75.4832
1738 75.4832
1740 75.4832
1742 75.4832
1744 75.4832
1746 75.4832
1748 75.4832
1750 75.4832
1752 75.4832
1754 75.4832
1756 75.4832
1758 75.4832
1760 75.4832
1762 75.4832
1764 75.4832
1766 75.4832
1768 75.4832
1770 75.4832
1772 75.4832
1774 75.4832
1776 75.4832
1778 75.4832
1780 75.4832
1782 75.4832
1784 75.4832
1786 75.4832
1788 75.4832
1790 75.4832
1792 75.4832
1794 75.4832
1796 75.4832
1798 75.4832
1800 75.4832
1802 75.4832
1804 75.4832
1806 75.4832
1808 75.4832
1810 75.4832
1812 75.4832
1814 75.4832
1816 75.4832
1818 75.4832
1820 75.4832
1822 75.4832
1824 75.4832
1826 75.4832
1828 75.4832
1830 75.4832
1832 75.4832
1834 75.4832
1836 75.4832
1838 75.4832
1840 75.4832
1842 75.4832
1844 75.4832
1846 75.4832
1848 75.4832
1850 75.4832
1852 75.4832
1854 75.4832
1856 75.4832
1858 76.7752
1860 76.7752
1862 76.7752
1864 76.7752
1866 76.7752
1868 76.7752
1870 76.7752
1872 76.7752
1874 76.7752
1876 76.7752
1878 76.7752
1880 76.9538
1882 76.9538
1884 76.9538
1886 76.9538
1888 76.9538
1890 76.9538
1892 76.9538
1894 76.9538
1896 76.9538
1898 76.9538
1900 76.9538
1902 76.9538
1904 76.9538
1906 76.9538
1908 76.9538
1910 76.9538
1912 76.9538
1914 76.9538
1916 76.9538
1918 76.9538
1920 76.9538
1922 76.9538
1924 76.9538
1926 76.9538
1928 76.9538
1930 76.9538
1932 76.9538
1934 76.9538
1936 76.9538
1938 76.9538
1940 76.9538
1942 76.9538
1944 76.9538
1946 76.9538
1948 76.9538
1950 76.9538
1952 76.9538
1954 76.9538
1956 76.9538
1958 76.9538
1960 76.9538
1962 76.9538
1964 76.9538
1966 76.9538
1968 76.9538
1970 76.9538
1972 76.9538
1974 76.9538
1976 76.9538
1978 76.9538
1980 76.9538
1982 76.9538
1984 76.9538
1986 76.9538
1988 76.9538
1990 76.9538
1992 76.9538
1994 76.9538
1996 76.9538
1998 76.9538
2000 76.9538
2002 79.3172
2004 79.3172
2006 79.3172
2008 79.3172
2010 80.4307
2012 80.4307
2014 80.4307
2016 80.4307
2018 80.4307
2020 80.4307
2022 80.4307
2024 80.4307
2026 80.4307
2028 80.4307
2030 80.4307
2032 80.4307
2034 80.4307
2036 80.4307
2038 80.4307
2040 80.4307
2042 80.4307
2044 80.4307
2046 80.4307
2048 80.4307
2050 80.4307
2052 80.4307
2054 80.4307
2056 80.4307
2058 80.4307
2060 80.4307
2062 80.4307
2064 80.4307
2066 80.4307
2068 80.4307
2070 80.4307
2072 80.4307
2074 80.4307
2076 80.4307
2078 80.4307
2080 80.4307
2082 80.4307
2084 80.4307
2086 80.4307
2088 80.4307
2090 80.4307
2092 80.4307
2094 80.4307
2096 80.4307
2098 80.4307
2100 80.4307
2102 80.4307
2104 80.4307
2106 80.4307
2108 80.4307
2110 80.4307
2112 80.4307
2114 80.4307
2116 80.4307
2118 80.4307
2120 80.4307
2122 80.4307
2124 80.4307
2126 80.4307
2128 80.4307
2130 80.4307
2132 80.4307
2134 80.4307
2136 80.4307
2138 80.4307
2140 80.4307
2142 80.4307
2144 80.4307
2146 80.4307
2148 80.4307
2150 80.4307
2152 80.4307
2154 80.4307
2156 80.4307
2158 80.4307
2160 80.4307
2162 80.4307
2164 80.4307
2166 80.4307
2168 80.4307
2170 80.4307
2172 80.4307
2174 80.4307
2176 80.4307
2178 80.4307
2180 80.4307
2182 80.4307
2184 80.4307
2186 80.4307
2188 80.4307
2190 80.4307
2192 80.4307
2194 80.4307
2196 80.4307
2198 80.4307
2200 80.4307
2202 80.4307
2204 80.4307
2206 80.4307
2208 80.4307
2210 80.4307
2212 80.4307
2214 80.4307
2216 80.4307
2218 80.4307
2220 80.4307
2222 80.4307
2224 80.4307
2226 80.4307
2228 80.4307
2230 80.4307
2232 80.4307
2234 80.4307
2236 80.4307
2238 80.4307
2240 80.4307
2242 80.4307
2244 80.4307
2246 80.4307
2248 80.4307
2250 80.4307
2252 80.4307
2254 80.4307
2256 80.4307
2258 80.4307
2260 80.4307
2262 80.4307
2264 80.4307
2266 80.4307
2268 80.4307
2270 80.4307
2272 80.4307
2274 80.4307
2276 80.4307
2278 80.4307
2280 80.4307
2282 80.4307
2284 80.4307
2286 80.4307
2288 80.4307
2290 80.4307
2292 80.4307
2294 80.4307
2296 80.4307
2298 80.4307
2300 80.4307
2302 80.4307
2304 80.4307
2306 80.4307
2308 80.4307
2310 80.4307
2312 80.4307
2314 80.4307
2316 80.4307
2318 80.4307
2320 80.4307
2322 80.4307
2324 80.4307
2326 80.4307
2328 80.4307
2330 80.4307
2332 80.4307
2334 80.4307
2336 80.4307
2338 80.4307
2340 80.6092
2342 80.6092
2344 80.6092
2346 80.6092
2348 80.6092
2350 80.6092
2352 80.6092
2354 80.6092
2356 80.6092
2358 80.6092
2360 80.6092
2362 80.6092
2364 80.6092
2366 80.6092
2368 80.6092
2370 80.6092
2372 80.6092
2374 80.6092
2376 80.6092
2378 80.6092
2380 80.6092
2382 80.6092
2384 80.6092
2386 80.6092
2388 80.6092
2390 80.6092
2392 80.6092
2394 80.6092
2396 80.6092
2398 80.6092
2400 80.6092
2402 80.6092
2404 80.6092
2406 80.6092
2408 80.6092
2410 80.6092
2412 80.6092
2414 80.6092
2416 80.6092
2418 80.6092
2420 80.6092
2422 80.6092
2424 80.6092
2426 80.6092
2428 80.6092
2430 80.6092
2432 80.6092
2434 80.6092
2436 80.6092
2438 80.6092
2440 80.6092
2442 80.6092
2444 80.6092
2446 80.6092
2448 80.6092
2450 80.6092
2452 80.6092
2454 80.6092
2456 80.6092
2458 80.6092
2460 80.6092
2462 80.6092
2464 80.6092
2466 80.6092
2468 80.6092
2470 80.6092
2472 80.6092
2474 80.6092
2476 80.6092
2478 80.6092
2480 80.6092
2482 80.6092
2484 80.6092
2486 80.6092
2488 80.6092
2490 80.6092
2492 80.6092
2494 80.6092
2496 80.6092
2498 80.6092
2500 80.6092
2502 80.6092
2504 80.6092
2506 80.6092
2508 80.6092
2510 80.6092
2512 80.6092
2514 80.6092
2516 80.6092
2518 80.6092
2520 80.6092
2522 80.6092
2524 80.6092
2526 80.6092
2528 80.6092
2530 80.6092
2532 80.6092
2534 80.6092
2536 80.6092
2538 80.6092
2540 80.6092
2542 80.6092
2544 80.6092
2546 80.6092
2548 80.6092
2550 80.6092
2552 80.6092
2554 80.6092
2556 80.6092
2558 80.6092
2560 80.6092
2562 80.6092
2564 80.6092
2566 80.6092
2568 80.6092
2570 80.6092
2572 80.6092
2574 80.6092
2576 80.6092
2578 80.6092
2580 80.6092
2582 80.6092
2584 80.6092
2586 80.6092
2588 80.6092
2590 80.6092
2592 80.6092
2594 80.6092
2596 80.6092
2598 80.6092
2600 80.6092
2602 80.6092
2604 80.6092
2606 80.6092
2608 80.6092
2610 80.6092
2612 80.6092
2614 80.6092
2616 80.6092
2618 80.6092
2620 80.6092
2622 80.6092
2624 80.6092
2626 80.6092
2628 80.6092
2630 80.6092
2632 80.6092
2634 80.6092
2636 80.6092
2638 80.6092
2640 80.6092
2642 80.6092
2644 80.6092
2646 80.6092
2648 80.6092
2650 80.6092
2652 80.6092
2654 80.6092
2656 80.6092
2658 80.6092
2660 80.6092
2662 80.6092
2664 81.7227
2666 81.7227
2668 81.7227
2670 81.7227
2672 81.7227
2674 81.7227
2676 81.7227
2678 81.7227
2680 81.7227
2682 81.7227
2684 81.7227
2686 81.7227
2688 81.7227
2690 81.7227
2692 81.7227
2694 81.7227
2696 81.7227
2698 81.7227
2700 81.7227
2702 81.7227
2704 81.7227
2706 81.7227
2708 81.7227
2710 81.7227
2712 81.7227
2714 81.7227
2716 81.7227
2718 81.7227
2720 81.7227
2722 81.7227
2724 81.7227
2726 81.7227
2728 81.7227
2730 81.7227
2732 81.7227
2734 81.7227
2736 81.7227
2738 81.7227
2740 81.7227
2742 81.7227
2744 81.7227
2746 81.7227
2748 81.7227
2750 81.7227
2752 81.7227
2754 81.7227
2756 81.7227
2758 81.7227
2760 81.7227
2762 81.7227
2764 81.7227
2766 81.7227
2768 81.7227
2770 81.7227
2772 81.7227
2774 81.7227
2776 81.7227
2778 81.7227
2780 81.7227
2782 81.7227
2784 81.7227
2786 81.7227
2788 81.7227
2790 81.7227
2792 81.7227
2794 81.7227
2796 81.7227
2798 81.7227
2800 81.7227
2802 81.7227
2804 81.7227
2806 81.7227
2808 81.7227
2810 81.7227
2812 81.7227
2814 81.7227
2816 81.7227
2818 81.7227
2820 81.7227
2822 81.7227
2824 81.7227
2826 81.7227
2828 81.7227
2830 81.7227
2832 81.7227
2834 81.7227
2836 81.7227
2838 81.7227
2840 81.7227
2842 81.7227
2844 81.7227
2846 81.7227
2848 81.7227
2850 81.7227
2852 81.7227
2854 81.7227
2856 81.7227
2858 81.7227
2860 81.7227
2862 81.7227
2864 81.7227
2866 81.7227
2868 81.7227
2870 81.7227
2872 81.7227
2874 81.7227
2876 81.7227
2878 81.7227
2880 81.7227
2882 81.7227
2884 81.7227
2886 81.7227
2888 81.7227
2890 81.7227
2892 81.7227
2894 81.7227
2896 81.7227
2898 81.7227
2900 81.7227
2902 81.7227
2904 81.7227
2906 81.7227
2908 81.7227
2910 81.7227
2912 81.7227
2914 81.7227
2916 81.7227
2918 81.7227
2920 81.7227
2922 81.7227
2924 81.7227
2926 81.7647
2928 81.7647
2930 81.7647
2932 81.7647
2934 81.7647
2936 81.7647
2938 81.7647
2940 81.7647
2942 81.7647
2944 81.7647
2946 81.7647
2948 81.7647
2950 81.7647
2952 81.7647
2954 81.7647
2956 81.7647
2958 81.7647
2960 81.7647
2962 81.7647
2964 81.7647
2966 81.7647
2968 81.7647
2970 81.7647
2972 81.7647
2974 81.7647
2976 81.7647
2978 81.7647
2980 81.7647
2982 81.7647
2984 81.7647
2986 81.7647
2988 81.7647
2990 81.7647
2992 81.7647
2994 82.3004
2996 82.3004
2998 82.3004
3000 82.3004
3002 82.3004
3004 82.3004
3006 82.3004
3008 82.3004
3010 82.3004
3012 82.3004
3014 82.3004
3016 82.3004
3018 82.3004
3020 82.3004
3022 82.3004
3024 82.3004
3026 82.3004
3028 82.3004
3030 82.3004
3032 82.3004
3034 82.3004
3036 82.3004
3038 82.3004
3040 82.3004
3042 82.3004
3044 82.3004
3046 82.3004
3048 82.3004
3050 82.3004
3052 82.3004
3054 82.3004
3056 82.3004
3058 82.3004
3060 82.3004
3062 82.3004
3064 82.3004
3066 82.3004
3068 82.3004
3070 82.3004
3072 82.3004
3074 82.3004
3076 82.3004
3078 82.3004
3080 82.3004
3082 82.3004
3084 82.3004
3086 82.3004
3088 82.3004
3090 82.3004
3092 82.3004
3094 82.3004
3096 82.3004
3098 82.3004
3100 82.3004
3102 82.3004
3104 82.3004
3106 82.3004
3108 82.3004
3110 82.3004
3112 82.3004
3114 82.3004
3116 82.3004
3118 82.3004
3120 82.3004
3122 82.3004
3124 82.3004
3126 82.3004
3128 82.3004
3130 82.3004
3132 82.3004
3134 82.3004
3136 82.3004
3138 82.3004
3140 82.3004
3142 82.3004
3144 82.3004
3146 82.3004
3148 82.3004
3150 82.3004
3152 82.3004
3154 82.3004
3156 82.3004
3158 82.3004
3160 82.3004
3162 82.3004
3164 82.3004
3166 82.3004
3168 82.3004
3170 82.3004
3172 82.3004
3174 82.3004
3176 82.3004
3178 82.3004
3180 82.3004
3182 82.3004
3184 82.3004
3186 82.3004
3188 82.3004
3190 82.3004
3192 82.3004
3194 82.3004
3196 82.3004
3198 82.3004
3200 82.3004
3202 82.3004
3204 82.3004
3206 82.3004
3208 82.3004
3210 82.3004
3212 82.3004
3214 82.3004
3216 82.3004
3218 82.3004
3220 82.3004
3222 82.3004
3224 82.3004
3226 82.3004
3228 82.3004
3230 82.3004
3232 82.3004
3234 82.3004
3236 82.3004
3238 82.3004
3240 82.3004
3242 82.3004
3244 82.3004
3246 82.3004
3248 82.3004
3250 82.3004
3252 82.3004
3254 82.3004
3256 82.3004
3258 82.3004
3260 82.3004
3262 82.3004
3264 82.3004
3266 82.3004
3268 82.3004
3270 82.3004
3272 82.3004
3274 82.3004
3276 82.3004
3278 82.3004
3280 82.3004
3282 82.3004
3284 82.3004
3286 82.3004
3288 82.3004
3290 82.3004
3292 82.3004
3294 82.3004
3296 82.3004
3298 82.3004
3300 82.3004
3302 82.3004
3304 82.3004
3306 82.3004
3308 82.3004
3310 82.3004
3312 82.3004
3314 82.3004
3316 82.3004
3318 82.3004
3320 82.3004
3322 82.3004
3324 82.3004
3326 82.3004
3328 82.3004
3330 82.3004
3332 82.3004
3334 82.3004
3336 82.3004
3338 82.3004
3340 82.3004
3342 82.3004
3344 82.3004
3346 82.3004
3348 82.3004
3350 82.3004
3352 82.3004
3354 82.3004
3356 82.3004
3358 82.3004
3360 82.3004
3362 82.3004
3364 82.3004
3366 82.3004
3368 82.3004
3370 82.3004
3372 82.3004
3374 82.3004
3376 82.3004
3378 82.3004
3380 82.3004
3382 82.3004
3384 82.3004
3386 82.3004
3388 82.3004
3390 82.3004
3392 82.3004
3394 82.3004
3396 82.3004
3398 82.3004
3400 82.3004
3402 82.3004
3404 82.3004
3406 82.3004
3408 82.3004
3410 82.479
3412 82.479
3414 82.479
3416 82.479
3418 82.479
3420 82.479
3422 82.479
3424 82.479
3426 82.479
3428 82.479
3430 82.479
3432 82.479
3434 82.479
3436 82.479
3438 82.479
3440 82.479
3442 82.479
3444 82.479
3446 82.479
3448 82.479
3450 82.479
3452 82.479
3454 82.479
3456 82.479
3458 82.479
3460 82.479
3462 82.479
3464 82.479
3466 82.479
3468 82.479
3470 82.479
3472 82.479
3474 82.479
3476 82.479
3478 82.479
3480 82.479
3482 82.479
3484 82.479
3486 82.479
3488 82.479
3490 82.479
3492 82.479
3494 82.479
3496 82.479
3498 82.479
3500 82.479
3502 82.479
3504 82.479
3506 82.479
3508 82.479
3510 82.479
3512 82.479
3514 82.479
3516 82.479
3518 82.479
3520 82.479
3522 82.479
3524 82.479
3526 82.479
3528 82.479
3530 82.479
3532 82.479
3534 82.479
3536 82.479
3538 82.479
3540 82.479
3542 82.479
3544 82.479
3546 82.479
3548 82.479
3550 82.479
3552 82.479
3554 82.479
3556 82.479
3558 82.479
3560 82.479
3562 82.479
3564 82.479
3566 82.479
3568 82.479
3570 82.479
3572 82.479
3574 82.479
3576 82.479
3578 82.479
3580 82.479
3582 82.479
3584 82.479
3586 82.479
3588 82.479
3590 82.479
3592 82.479
3594 82.479
3596 82.479
3598 82.479
3600 82.479
3602 82.479
3604 82.479
3606 82.479
3608 82.479
3610 82.479
3612 82.479
3614 82.479
3616 82.479
3618 82.479
3620 82.479
3622 82.479
3624 82.479
3626 82.479
3628 82.479
3630 82.479
3632 82.479
3634 82.479
3636 82.479
3638 82.479
3640 82.479
3642 82.479
3644 82.479
3646 82.479
3648 82.479
3650 82.479
3652 82.479
3654 82.479
3656 82.479
3658 82.479
3660 82.479
3662 82.479
3664 82.479
3666 82.479
3668 82.479
3670 82.479
3672 82.479
3674 82.479
3676 82.479
3678 82.479
3680 82.479
3682 82.479
3684 82.479
3686 82.479
3688 82.479
3690 82.479
3692 82.479
3694 82.479
3696 82.479
3698 82.479
3700 82.479
3702 82.479
3704 82.479
3706 82.479
3708 82.479
3710 82.479
3712 82.479
3714 82.479
3716 82.479
3718 82.479
3720 82.479
3722 82.479
3724 82.479
3726 82.479
3728 82.479
3730 82.479
3732 82.479
3734 82.479
3736 82.479
3738 82.479
3740 82.479
3742 82.479
3744 82.479
3746 82.479
3748 82.479
3750 82.479
3752 82.479
3754 82.479
3756 82.479
3758 82.479
3760 82.479
3762 82.479
3764 82.479
3766 82.479
3768 82.479
3770 82.479
3772 82.479
3774 82.479
3776 82.479
3778 82.479
3780 82.479
3782 82.479
3784 82.479
3786 82.479
3788 82.479
3790 82.479
3792 82.479
3794 82.479
3796 82.479
3798 82.479
3800 82.479
3802 82.479
3804 82.479
3806 82.479
3808 82.479
3810 82.479
3812 82.479
3814 82.479
3816 82.479
3818 82.479
3820 82.479
3822 82.479
3824 82.479
3826 82.479
3828 82.479
3830 82.479
3832 82.479
3834 82.479
3836 82.479
3838 82.479
3840 82.479
3842 82.479
3844 82.479
3846 82.479
3848 82.479
3850 82.479
3852 82.479
3854 82.479
3856 82.479
3858 82.479
3860 82.479
3862 82.479
3864 82.479
3866 82.479
3868 82.479
3870 82.479
3872 82.479
3874 82.479
3876 82.479
3878 82.479
3880 82.479
3882 82.479
3884 82.479
3886 82.479
3888 82.479
3890 82.479
3892 82.479
3894 82.479
3896 82.479
3898 82.479
3900 82.479
3902 82.479
3904 82.479
3906 82.479
3908 82.479
3910 82.479
3912 82.479
3914 82.479
3916 82.479
3918 82.479
3920 82.479
3922 82.479
3924 82.479
3926 82.479
3928 82.479
3930 82.479
3932 82.479
3934 82.479
3936 82.479
3938 82.479
3940 82.479
3942 82.479
3944 82.479
3946 82.479
3948 82.479
3950 82.479
3952 82.479
3954 82.479
3956 82.479
3958 82.479
3960 82.479
3962 82.479
3964 82.479
3966 82.479
3968 82.479
3970 82.479
3972 82.479
3974 82.479
3976 82.479
3978 82.479
3980 82.479
3982 82.479
3984 82.479
3986 82.479
3988 82.479
3990 82.479
3992 82.479
3994 82.479
3996 82.479
3998 82.479
4000 82.479
4002 82.479
4004 82.479
4006 82.479
4008 82.479
4010 82.479
4012 82.479
4014 82.479
4016 82.479
4018 82.479
4020 82.479
4022 82.479
4024 82.479
4026 82.479
4028 82.479
4030 82.479
4032 82.479
4034 82.479
4036 82.479
4038 82.479
4040 82.479
4042 82.479
4044 82.479
4046 82.479
4048 82.479
4050 82.479
4052 82.479
4054 82.479
4056 82.479
4058 82.479
4060 82.479
4062 82.479
4064 82.479
4066 82.479
4068 82.479
4070 82.479
4072 82.479
4074 82.479
4076 82.479
4078 82.479
4080 82.479
4082 82.479
4084 82.479
4086 82.479
4088 82.479
4090 82.479
4092 82.479
4094 82.479
4096 82.479
4098 82.479
4100 82.479
4102 82.479
4104 82.479
4106 82.479
4108 82.479
4110 82.479
4112 82.479
4114 82.479
4116 82.479
4118 82.479
4120 82.479
4122 82.479
4124 82.479
4126 82.479
4128 82.479
4130 82.479
4132 82.479
4134 82.479
4136 82.479
4138 82.479
4140 82.479
4142 82.479
4144 82.479
4146 82.479
4148 82.479
4150 82.479
4152 82.479
4154 82.479
4156 82.479
4158 82.479
4160 82.479
4162 82.479
4164 82.479
4166 82.479
4168 82.479
4170 82.479
4172 82.479
4174 82.479
4176 82.479
4178 82.479
4180 82.479
4182 82.479
4184 82.479
4186 82.479
4188 82.479
4190 82.479
4192 82.479
4194 82.479
4196 82.479
4198 82.479
4200 82.479
4202 82.479
4204 82.479
4206 82.479
4208 82.479
4210 82.479
4212 82.479
4214 82.479
4216 82.479
4218 82.479
4220 82.479
4222 82.479
4224 82.479
4226 82.479
4228 82.479
4230 82.479
4232 82.479
4234 82.479
4236 82.479
4238 82.479
4240 82.479
4242 82.479
4244 82.479
4246 82.479
4248 82.479
4250 82.479
4252 82.479
4254 82.479
4256 82.479
4258 82.479
4260 82.479
4262 82.479
4264 82.479
4266 82.479
4268 82.479
4270 82.479
4272 82.479
4274 82.479
4276 82.479
4278 82.479
4280 82.479
4282 82.479
4284 82.479
4286 82.479
4288 82.479
4290 82.479
4292 82.479
4294 82.479
4296 82.479
4298 82.479
4300 82.479
4302 82.479
4304 82.479
4306 82.479
4308 82.479
4310 82.479
4312 82.479
4314 82.479
4316 82.479
4318 82.479
4320 82.479
4322 82.479
4324 82.479
4326 82.479
4328 82.479
4330 82.479
4332 82.479
4334 82.479
4336 82.479
4338 82.479
4340 82.479
4342 82.479
4344 82.479
4346 82.479
4348 82.479
4350 82.479
4352 82.479
4354 82.479
4356 82.479
4358 82.479
4360 82.479
4362 82.479
4364 82.479
4366 82.479
4368 82.479
4370 82.479
4372 82.479
4374 82.479
4376 82.479
4378 82.479
4380 82.479
4382 82.479
4384 82.479
4386 82.479
4388 82.479
4390 82.479
4392 82.479
4394 82.479
4396 82.479
4398 82.479
4400 82.479
4402 82.479
4404 82.479
4406 82.479
4408 82.479
4410 82.479
4412 82.479
4414 82.479
4416 82.479
4418 82.479
4420 82.479
4422 82.479
4424 82.479
4426 82.479
4428 82.479
4430 82.479
4432 82.479
4434 82.479
4436 82.479
4438 82.479
4440 82.479
4442 82.479
4444 82.479
4446 82.479
4448 82.479
4450 82.479
4452 82.479
4454 82.479
4456 82.479
4458 82.479
4460 82.479
4462 82.479
4464 82.479
4466 82.479
4468 82.479
4470 82.479
4472 82.479
4474 82.479
4476 82.479
4478 82.479
4480 82.479
4482 82.479
4484 82.479
4486 82.479
4488 82.479
4490 82.479
4492 82.479
4494 82.479
4496 82.479
4498 82.479
4500 82.479
4502 82.479
4504 82.479
4506 82.479
4508 82.479
4510 82.479
4512 82.479
4514 82.479
4516 82.479
4518 82.479
4520 82.479
4522 82.479
4524 82.479
4526 82.479
4528 82.479
4530 82.479
4532 82.479
4534 82.479
4536 82.479
4538 82.479
4540 82.479
4542 82.479
4544 82.479
4546 82.479
4548 82.479
4550 82.479
4552 82.479
4554 82.479
4556 82.479
4558 82.479
4560 82.479
4562 82.479
4564 82.479
4566 82.479
4568 82.479
4570 82.479
4572 82.479
4574 82.479
4576 82.479
4578 82.479
4580 82.479
4582 82.479
4584 82.479
4586 82.479
4588 82.479
4590 82.479
4592 82.479
4594 82.479
4596 82.479
4598 82.479
4600 82.479
4602 82.479
4604 82.479
4606 82.479
4608 82.479
4610 82.479
4612 82.479
4614 82.479
4616 82.479
4618 82.479
4620 82.479
4622 82.479
4624 82.479
4626 82.479
4628 82.479
4630 82.479
4632 82.479
4634 82.479
4636 82.479
4638 82.479
4640 82.479
4642 82.479
4644 82.479
4646 82.479
4648 82.479
4650 82.479
4652 82.479
4654 82.479
4656 82.479
4658 82.479
4660 82.479
4662 82.479
4664 82.479
4666 82.479
4668 82.479
4670 82.479
4672 82.479
4674 82.479
4676 82.479
4678 82.479
4680 82.479
4682 82.479
4684 82.479
4686 82.479
4688 82.479
4690 82.479
4692 82.479
4694 82.479
4696 82.479
4698 82.479
4700 82.479
4702 82.479
4704 82.479
4706 82.479
4708 82.479
4710 82.479
4712 82.479
4714 82.479
4716 82.479
4718 82.479
4720 82.479
4722 82.479
4724 82.479
4726 82.479
4728 82.479
4730 82.479
4732 82.479
4734 82.479
4736 82.479
4738 82.479
4740 82.479
4742 82.479
4744 82.479
4746 82.479
4748 82.479
4750 82.479
4752 82.479
4754 82.479
4756 82.479
4758 82.479
4760 82.479
4762 82.479
4764 82.479
4766 82.479
4768 82.479
4770 82.479
4772 82.479
4774 82.479
4776 82.479
4778 82.479
4780 82.479
4782 82.479
4784 82.479
4786 82.479
4788 82.479
4790 82.479
4792 82.479
4794 82.479
4796 82.479
4798 82.479
4800 82.479
4802 82.479
4804 82.479
4806 82.479
4808 82.479
4810 82.479
4812 82.479
4814 82.479
4816 82.479
4818 82.479
4820 82.479
4822 82.479
4824 82.479
4826 82.479
4828 82.479
4830 82.479
4832 82.479
4834 82.479
4836 82.479
4838 82.479
4840 82.479
4842 82.479
4844 82.479
4846 82.479
4848 82.479
4850 82.479
4852 82.479
4854 82.479
4856 82.479
4858 82.479
4860 82.479
4862 82.479
4864 82.479
4866 82.479
4868 82.479
4870 82.479
4872 82.479
4874 82.479
4876 82.479
4878 82.479
4880 82.479
4882 82.479
4884 82.479
4886 82.479
4888 82.479
4890 82.479
4892 82.479
4894 82.479
4896 82.479
4898 82.479
4900 82.479
4902 82.479
4904 82.479
4906 82.479
4908 82.479
4910 82.479
4912 82.479
4914 82.479
4916 82.479
4918 82.479
4920 82.479
4922 82.479
4924 82.479
4926 82.479
4928 82.479
4930 82.479
4932 82.479
4934 82.479
4936 82.479
4938 82.479
4940 82.479
4942 82.479
4944 82.479
4946 82.479
4948 82.479
4950 82.479
4952 82.479
4954 82.479
4956 82.479
4958 82.479
4960 82.479
4962 82.479
4964 82.479
4966 82.479
4968 82.479
4970 82.479
4972 82.479
4974 82.479
4976 82.479
4978 82.479
4980 82.479
4982 82.479
4984 82.479
4986 82.479
4988 82.479
4990 82.479
4992 82.479
4994 82.479
4996 82.479
4998 82.479
5000 82.479
5002 82.479
5004 82.479
5006 82.479
5008 82.479
5010 82.479
5012 82.479
5014 82.479
5016 82.479
5018 82.479
5020 82.479
5022 82.479
5024 82.479
5026 82.479
5028 82.479
5030 82.479
5032 82.479
5034 82.479
5036 82.479
5038 82.479
5040 82.479
5042 82.479
5044 82.479
5046 82.479
5048 82.479
5050 82.479
5052 82.479
5054 82.479
5056 82.479
5058 82.479
5060 82.479
5062 82.479
5064 82.479
5066 82.479
5068 82.479
5070 82.479
5072 82.479
5074 82.479
5076 82.479
5078 82.479
5080 82.479
5082 82.479
5084 82.479
5086 82.479
5088 82.479
5090 82.479
5092 82.479
5094 82.479
5096 82.479
5098 82.479
5100 82.479
5102 82.479
5104 82.479
5106 82.479
5108 82.479
5110 82.479
5112 82.479
5114 82.479
5116 82.479
5118 82.479
5120 82.479
5122 82.479
5124 82.479
5126 82.479
5128 82.479
5130 82.479
5132 82.479
5134 82.479
5136 82.479
5138 82.479
5140 82.479
5142 82.479
5144 82.479
5146 82.479
5148 82.479
5150 82.479
5152 82.479
5154 82.479
5156 82.479
5158 82.479
5160 82.479
5162 82.479
5164 82.479
5166 82.479
5168 82.479
5170 82.479
5172 82.479
5174 82.479
5176 82.479
5178 82.479
5180 82.479
5182 82.479
5184 82.479
5186 82.479
5188 82.479
5190 82.479
5192 82.479
5194 82.479
5196 82.479
5198 82.479
5200 82.479
5202 82.479
5204 82.479
5206 82.479
5208 82.479
5210 82.479
5212 82.479
5214 82.479
5216 82.479
5218 82.479
5220 82.479
5222 82.479
5224 82.479
5226 82.479
5228 82.479
5230 82.479
5232 82.479
5234 82.479
5236 82.479
5238 82.479
5240 82.479
5242 82.479
5244 82.479
5246 82.479
5248 82.479
5250 82.479
5252 82.479
5254 82.479
5256 82.8361
5258 82.8361
5260 82.8361
5262 82.8361
5264 82.8361
5266 82.8361
5268 82.8361
5270 82.8361
5272 82.8361
5274 82.8361
5276 82.8361
5278 82.8361
5280 82.8361
5282 82.8361
5284 82.8361
5286 82.8361
5288 82.8361
5290 82.8361
5292 82.8361
5294 82.8361
5296 82.8361
5298 82.8361
5300 82.8361
5302 82.8361
5304 82.8361
5306 83.2353
5308 83.2353
5310 83.2353
5312 83.2353
5314 83.2353
5316 83.2353
5318 83.2353
5320 83.2353
5322 83.2353
5324 83.2353
5326 83.2353
5328 83.2353
5330 83.2353
5332 83.2353
5334 83.2353
5336 83.2353
5338 83.2353
5340 83.2353
5342 83.2353
5344 83.2353
5346 83.2353
5348 83.2353
5350 83.2353
5352 83.2353
5354 83.2353
5356 83.2353
5358 83.2353
5360 83.2353
5362 83.2353
5364 83.2353
5366 83.2353
5368 83.2353
5370 83.2353
5372 83.2353
5374 83.2353
5376 83.2353
5378 83.2353
5380 83.2353
5382 83.2353
5384 83.2353
5386 83.2353
5388 83.2353
5390 83.2353
5392 83.2353
5394 83.2353
5396 83.2353
5398 83.2353
5400 83.2353
5402 83.2353
5404 83.2353
5406 83.2353
5408 83.2353
5410 83.2353
5412 83.2353
5414 83.2353
5416 83.2353
5418 83.2353
5420 83.2353
5422 83.2353
5424 83.2353
5426 83.2353
5428 83.2353
5430 83.2353
5432 83.4139
5434 83.4139
5436 83.4139
5438 83.4139
5440 83.4139
5442 83.4139
5444 83.4139
5446 83.4139
5448 83.4139
5450 83.4139
5452 83.4139
5454 83.4139
5456 83.4139
5458 83.4139
5460 83.4139
5462 83.4139
5464 83.4139
5466 83.4139
5468 83.4139
5470 83.4139
5472 83.4139
5474 83.4139
5476 83.4139
5478 83.4139
5480 83.4139
5482 83.4139
5484 83.4139
5486 83.4139
5488 83.4139
5490 83.4139
5492 83.4139
5494 83.4139
5496 83.4139
5498 83.4139
5500 83.4139
5502 83.4139
5504 83.4139
5506 83.4139
5508 83.4139
5510 83.4139
5512 83.4139
5514 83.4139
5516 83.4139
5518 83.4139
5520 83.4139
5522 83.4139
5524 83.4139
5526 83.4139
5528 83.4139
5530 83.4139
5532 83.4139
5534 83.4139
5536 83.4139
5538 83.4139
5540 83.4139
5542 83.4139
5544 83.4139
5546 83.4139
5548 83.4139
5550 83.4139
5552 83.4139
5554 83.4139
5556 83.4139
5558 83.4139
5560 83.4139
5562 83.4139
5564 83.4139
5566 83.4139
5568 83.4139
5570 83.4139
5572 83.4139
5574 83.4139
5576 83.4139
5578 83.4139
5580 83.4139
5582 83.4139
5584 83.4139
5586 83.4139
5588 83.4139
5590 83.4139
5592 83.4139
5594 83.4139
5596 83.4139
5598 83.4139
5600 83.4139
5602 83.4139
5604 83.4139
5606 83.4139
5608 83.4139
5610 83.4139
5612 83.4139
5614 83.4139
5616 83.4139
5618 83.4139
5620 83.4139
5622 83.4139
5624 83.4139
5626 83.4139
5628 83.4139
5630 83.4139
5632 83.4139
5634 83.4139
5636 83.4139
5638 83.4139
5640 83.4139
5642 83.4139
5644 83.4139
5646 83.4139
5648 83.4139
5650 83.4139
5652 83.4139
5654 83.4139
5656 83.4139
5658 83.4139
5660 83.4139
5662 83.4139
5664 83.4139
5666 83.4139
5668 83.4139
5670 83.4139
5672 83.4139
5674 83.4139
5676 83.4139
5678 83.4139
5680 83.4139
5682 83.4139
5684 83.4139
5686 83.4139
5688 83.4139
5690 83.4139
5692 83.4139
5694 83.4139
5696 83.4139
5698 83.4139
5700 83.4139
5702 83.4139
5704 83.4139
5706 83.4139
5708 83.4139
5710 83.4139
5712 83.4139
5714 83.4139
5716 83.4139
5718 83.4139
5720 83.4139
5722 83.4139
5724 83.4139
5726 83.4139
5728 83.4139
5730 83.4139
5732 83.4139
5734 83.4139
5736 83.4139
5738 83.4139
5740 83.4139
5742 83.4139
5744 83.4139
5746 83.4139
5748 83.4139
5750 83.4139
5752 83.4139
5754 83.4139
5756 83.4139
5758 83.4139
5760 83.4139
5762 83.4139
5764 83.4139
5766 83.4139
5768 83.4139
5770 83.4139
5772 83.4139
5774 83.4139
5776 83.4139
5778 83.4139
5780 83.4139
5782 83.4139
5784 83.4139
5786 83.4139
5788 83.4139
5790 83.4139
5792 83.4139
5794 83.4139
5796 83.4139
5798 83.4139
5800 83.4139
5802 83.4139
5804 83.4139
5806 83.4139
5808 83.4139
5810 83.4139
5812 83.4139
5814 83.4139
5816 83.4139
5818 83.4139
5820 83.4139
5822 83.4139
5824 83.4139
5826 83.4139
5828 83.4139
5830 83.4139
5832 83.4139
5834 83.4139
5836 83.4139
5838 83.4139
5840 83.4139
5842 83.4139
5844 83.4139
5846 83.4139
5848 83.4139
5850 83.4139
5852 83.4139
5854 83.4139
5856 83.4139
5858 83.4139
5860 83.4139
5862 83.4139
5864 83.4139
5866 83.4139
5868 83.4139
5870 83.4139
5872 83.4139
5874 83.4139
5876 83.4139
5878 83.4139
5880 83.4139
5882 83.4139
5884 83.4139
5886 83.4139
5888 83.4139
5890 83.4139
5892 83.4139
5894 83.4139
5896 83.4139
5898 83.4139
5900 83.4139
5902 83.4139
5904 83.4139
5906 83.4139
5908 83.4139
5910 83.4139
5912 83.4139
5914 83.4139
5916 83.4139
5918 83.4139
5920 83.4139
5922 83.4139
5924 83.4139
5926 83.4139
5928 83.4139
5930 83.4139
5932 83.4139
5934 83.4139
5936 83.4139
5938 83.4139
5940 83.4139
5942 83.4139
5944 83.4139
5946 83.4139
5948 83.4139
5950 83.4139
5952 83.4139
5954 83.4139
5956 83.4139
5958 83.4139
5960 83.4139
5962 83.4139
5964 83.4139
5966 83.4139
5968 83.4139
5970 83.4139
5972 83.4139
5974 83.4139
5976 83.4139
5978 83.4139
5980 83.4139
5982 83.4139
5984 83.4139
5986 83.4139
5988 83.4139
5990 83.4139
5992 83.4139
5994 83.4139
5996 83.4139
5998 83.4139
6000 83.4139
6002 83.4139
6004 83.4139
6006 83.4139
6008 83.4139
6010 83.4139
6012 83.4139
6014 83.4139
6016 83.4139
6018 83.4139
6020 83.4139
6022 83.4139
6024 83.4139
6026 83.4139
6028 83.4139
6030 83.4139
6032 83.4139
6034 83.4139
6036 83.4139
6038 83.4139
6040 83.4139
6042 83.4139
6044 83.4139
6046 83.4139
6048 83.4139
6050 83.4139
6052 83.4139
6054 83.4139
6056 83.4139
6058 83.4139
6060 83.4139
6062 83.4139
6064 83.4139
6066 83.4139
6068 83.4139
6070 83.4139
6072 83.4139
6074 83.4139
6076 83.4139
6078 83.4139
6080 83.4139
6082 83.4139
6084 83.4139
6086 83.4139
6088 83.4139
6090 83.4139
6092 83.4139
6094 83.4139
6096 83.4139
6098 83.4139
6100 83.4139
6102 83.4139
6104 83.4139
6106 83.4139
6108 83.4139
6110 83.4139
6112 83.4139
6114 83.4139
6116 83.4139
6118 83.4139
6120 83.4139
6122 83.4139
6124 83.4139
6126 83.4139
6128 83.4139
6130 83.4139
6132 83.4139
6134 83.4139
6136 83.4139
6138 83.4139
6140 83.4139
6142 83.4139
6144 83.4139
6146 83.4139
6148 83.4139
6150 83.4139
6152 83.4139
6154 83.4139
6156 83.4139
6158 83.4139
6160 83.4139
6162 83.4139
6164 83.4139
6166 83.4139
6168 83.4139
6170 83.4139
6172 83.4139
6174 83.4139
6176 83.4139
6178 83.4139
6180 83.4139
6182 83.4139
6184 83.4139
6186 83.4139
6188 83.4139
6190 83.4139
6192 83.4139
6194 83.4139
6196 83.4139
6198 83.4139
6200 83.4139
6202 83.4139
6204 83.4139
6206 83.4139
6208 83.4139
6210 83.4139
6212 83.4139
6214 83.4139
6216 83.4139
6218 83.4139
6220 83.4139
6222 83.4139
6224 83.4139
6226 83.4139
6228 83.4139
6230 83.4139
6232 83.4139
6234 83.4139
6236 83.4139
6238 83.4139
6240 83.4139
6242 83.4139
6244 83.4139
6246 83.4139
6248 83.4139
6250 83.4139
6252 83.4139
6254 83.4139
6256 83.4139
6258 83.4139
6260 83.4139
6262 83.4139
6264 83.4139
6266 83.4139
6268 83.4139
6270 83.4139
6272 83.4139
6274 83.4139
6276 83.4139
6278 83.4139
6280 83.4139
6282 83.4139
6284 83.4139
6286 83.4139
6288 83.4139
6290 83.4139
6292 83.4139
6294 83.4139
6296 83.4139
6298 83.4139
6300 83.4139
6302 83.4139
6304 83.4139
6306 83.4139
6308 83.4139
6310 83.4139
6312 83.4139
6314 83.4139
6316 83.4139
6318 83.4139
6320 83.4139
6322 83.4139
6324 83.4139
6326 83.4139
6328 83.4139
6330 83.4139
6332 83.4139
6334 83.4139
6336 83.4139
6338 83.4139
6340 83.4139
6342 83.4139
6344 83.4139
6346 83.4139
6348 83.4139
6350 83.4139
6352 83.4139
6354 83.4139
6356 83.4139
6358 83.4139
6360 83.4139
6362 83.4139
6364 83.4139
6366 83.4139
6368 83.4139
6370 83.4139
6372 83.4139
6374 83.4139
6376 83.4139
6378 83.4139
6380 83.4139
6382 83.4139
6384 83.4139
6386 83.4139
6388 83.4139
6390 83.4139
6392 83.4139
6394 83.4139
6396 83.4139
6398 83.4139
6400 83.4139
6402 83.4139
6404 83.4139
6406 83.4139
6408 83.4139
6410 83.4139
6412 83.4139
6414 83.4139
6416 83.4139
6418 83.4139
6420 83.4139
6422 83.4139
6424 83.4139
6426 83.4139
6428 83.4139
6430 83.4139
6432 83.4139
6434 83.4139
6436 83.4139
6438 83.4139
6440 83.4139
6442 83.4139
6444 83.4139
6446 83.4139
6448 83.4139
6450 83.4139
6452 83.4139
6454 83.4139
6456 83.4139
6458 83.4139
6460 83.4139
6462 83.4139
6464 83.4139
6466 83.4139
6468 83.4139
6470 83.4139
6472 83.4139
6474 83.4139
6476 83.4139
6478 83.4139
6480 83.4139
6482 83.4139
6484 83.4139
6486 83.4139
6488 83.4139
6490 83.4139
6492 83.4139
6494 83.4139
6496 83.4139
6498 83.4139
6500 83.4139
6502 83.4139
6504 83.4139
6506 83.4139
6508 83.4139
6510 83.4139
6512 83.4139
6514 83.4139
6516 83.4139
6518 83.4139
6520 83.4139
6522 83.4139
6524 83.4139
6526 83.4139
6528 83.4139
6530 83.4139
6532 83.4139
6534 83.4139
6536 83.4139
6538 83.4139
6540 83.4139
6542 83.4139
6544 83.4139
6546 83.4139
6548 83.4139
6550 83.4139
6552 83.4139
6554 83.4139
6556 83.4139
6558 83.4139
6560 83.4139
6562 83.4139
6564 83.4139
6566 83.4139
6568 83.4139
6570 83.4139
6572 83.4139
6574 83.4139
6576 83.4139
6578 83.4139
6580 83.4139
6582 83.4139
6584 83.4139
6586 83.4139
6588 83.4139
6590 83.4139
6592 83.4139
6594 83.4139
6596 83.4139
6598 83.4139
6600 83.4139
6602 83.4139
6604 83.4139
6606 83.4139
6608 83.4139
6610 83.4139
6612 83.4139
6614 83.4139
6616 83.4139
6618 83.4139
6620 83.4139
6622 83.4139
6624 83.4139
6626 83.4139
6628 83.4139
6630 83.4139
6632 83.4139
6634 83.4139
6636 83.4139
6638 83.4139
6640 83.4139
6642 83.4139
6644 83.4139
6646 83.4139
6648 83.4139
6650 83.4139
6652 83.4139
6654 83.4139
6656 83.4139
6658 83.4139
6660 83.4139
6662 83.4139
6664 83.4139
6666 83.4139
6668 83.4139
6670 83.4139
6672 83.4139
6674 83.4139
6676 83.4139
6678 83.4139
6680 83.4139
6682 83.4139
6684 83.4139
6686 83.4139
6688 83.4139
6690 83.4139
6692 83.4139
6694 83.4139
6696 83.4139
6698 83.4139
6700 83.4139
6702 83.4139
6704 83.4139
6706 83.4139
6708 83.4139
6710 83.4139
6712 83.4139
6714 83.4139
6716 83.4139
6718 83.4139
6720 83.4139
6722 83.4139
6724 83.4139
6726 83.4139
6728 83.4139
6730 83.4139
6732 83.4139
6734 83.4139
6736 83.4139
6738 83.4139
6740 83.4139
6742 83.4139
6744 83.4139
6746 83.4139
6748 83.4139
6750 83.4139
6752 83.4139
6754 83.4139
6756 83.4139
6758 83.4139
6760 83.4139
6762 83.4139
6764 83.4139
6766 83.4139
6768 83.4139
6770 83.4139
6772 83.4139
6774 83.4139
6776 83.4139
6778 83.4139
6780 83.4139
6782 83.4139
6784 83.4139
6786 83.4139
6788 83.4139
6790 83.4139
6792 83.4139
6794 83.4139
6796 83.4139
6798 83.4139
6800 83.4139
6802 83.4139
6804 83.4139
6806 83.4139
6808 83.4139
6810 83.4139
6812 83.4139
6814 83.4139
6816 83.4139
6818 83.4139
6820 83.4139
6822 83.4139
6824 83.4139
6826 83.4139
6828 83.4139
6830 83.4139
6832 83.4139
6834 83.4139
6836 83.4139
6838 83.4139
6840 83.4139
6842 83.4139
6844 83.4139
6846 83.4139
6848 83.4139
6850 83.4139
6852 83.4139
6854 83.4139
6856 83.4139
6858 83.4139
6860 83.4139
6862 83.4139
6864 83.4139
6866 83.4139
6868 83.4139
6870 83.4139
6872 83.4139
6874 83.4139
6876 83.4139
6878 83.4139
6880 83.4139
6882 83.4139
6884 83.4139
6886 83.4139
6888 83.4139
6890 83.4139
6892 83.4139
6894 83.4139
6896 83.4139
6898 83.4139
6900 83.4139
6902 83.4139
6904 83.4139
6906 83.4139
6908 83.4139
6910 83.4139
6912 83.4139
6914 83.4139
6916 83.4139
6918 83.4139
6920 83.4139
6922 83.4139
6924 83.4139
6926 83.4139
6928 83.4139
6930 83.4139
6932 83.4139
6934 83.4139
6936 83.4139
6938 83.4139
6940 83.4139
6942 83.4139
6944 83.4139
6946 83.4139
6948 83.4139
6950 83.4139
6952 83.4139
6954 83.4139
6956 83.4139
6958 83.4139
6960 83.4139
6962 83.4139
6964 83.4139
6966 83.4139
6968 83.4139
6970 83.4139
6972 83.4139
6974 83.4139
6976 83.4139
6978 83.4139
6980 83.4139
6982 83.4139
6984 83.4139
6986 83.4139
6988 83.4139
6990 83.4139
6992 83.4139
6994 83.4139
6996 83.4139
6998 83.4139
7000 83.4139
7002 83.4139
7004 83.4139
7006 83.4139
7008 83.4139
7010 83.4139
7012 83.4139
7014 83.4139
7016 83.4139
7018 83.4139
7020 83.4139
7022 83.4139
7024 83.4139
7026 83.4139
7028 83.4139
7030 83.4139
7032 83.4139
7034 83.4139
7036 83.4139
7038 83.4139
7040 83.4139
7042 83.4139
7044 83.4139
7046 83.4139
7048 83.4139
7050 83.4139
7052 83.4139
7054 83.4139
7056 83.4139
7058 83.4139
7060 83.4139
7062 83.4139
7064 83.4139
7066 83.4139
7068 83.4139
7070 83.4139
7072 83.4139
7074 83.4139
7076 83.4139
7078 83.4139
7080 83.4139
7082 83.4139
7084 83.4139
7086 83.4139
7088 83.4139
7090 83.4139
7092 83.4139
7094 83.4139
7096 83.4139
7098 83.4139
7100 83.4139
7102 83.4139
7104 83.4139
7106 83.4139
7108 83.4139
7110 83.4139
7112 83.4139
7114 83.4139
7116 83.4139
7118 83.4139
7120 83.4139
7122 83.4139
7124 83.4139
7126 83.4139
7128 83.4139
7130 83.4139
7132 83.4139
7134 83.4139
7136 83.4139
7138 83.4139
7140 83.4139
7142 83.4139
7144 83.4139
7146 83.4139
7148 83.4139
7150 83.4139
7152 83.4139
7154 83.4139
7156 83.4139
7158 83.4139
7160 83.4139
7162 83.4139
7164 83.4139
7166 83.4139
7168 83.4139
7170 83.4139
7172 83.4139
7174 83.4139
7176 83.4139
7178 83.4139
7180 83.4139
7182 83.4139
7184 83.4139
7186 83.4139
7188 83.4139
7190 83.4139
7192 83.4139
7194 83.4139
7196 83.4139
7198 83.4139
7200 83.4139
7202 83.4139
7204 83.4139
7206 83.4139
7208 83.4139
7210 83.4139
7212 83.4139
7214 83.4139
7216 83.4139
7218 83.4139
7220 83.4139
7222 83.4139
7224 83.4139
7226 83.4139
7228 83.4139
7230 83.4139
7232 83.4139
7234 83.4139
7236 83.4139
7238 83.4139
7240 83.4139
7242 83.4139
7244 83.4139
7246 83.4139
7248 83.4139
7250 83.4139
7252 83.4139
7254 83.4139
7256 83.4139
7258 83.4139
7260 83.4139
7262 83.4139
7264 83.4139
7266 83.4139
7268 83.4139
7270 83.4139
7272 83.4139
7274 83.4139
7276 83.4139
7278 83.4139
7280 83.4139
7282 83.4139
7284 83.4139
7286 83.4139
7288 83.4139
7290 83.4139
7292 83.4139
7294 83.4139
7296 83.4139
7298 83.4139
7300 83.4139
7302 83.4139
7304 83.4139
7306 83.4139
7308 83.4139
7310 83.4139
7312 83.4139
7314 83.4139
7316 83.4139
7318 83.4139
7320 83.4139
7322 83.4139
7324 83.4139
7326 83.4139
7328 83.4139
7330 83.4139
7332 83.4139
7334 83.4139
7336 83.4139
7338 83.4139
7340 83.4139
7342 83.4139
7344 83.4139
7346 83.4139
7348 83.4139
7350 83.4139
7352 83.4139
7354 83.4139
7356 83.4139
7358 83.4139
7360 83.4139
7362 83.4139
7364 83.4139
7366 83.4139
7368 83.4139
7370 83.4139
7372 83.4139
7374 83.4139
7376 83.4139
7378 83.4139
7380 83.4139
7382 83.4139
7384 83.4139
7386 83.4139
7388 83.4139
7390 83.4139
7392 83.4139
7394 83.4139
7396 83.4139
7398 83.4139
7400 83.4139
7402 83.4139
7404 83.4139
7406 83.4139
7408 83.4139
7410 83.4139
7412 83.4139
7414 83.4139
7416 83.4139
7418 83.4139
7420 83.4139
7422 83.4139
7424 83.4139
7426 83.4139
7428 83.4139
7430 83.4139
7432 83.4139
7434 83.4139
7436 83.4139
7438 83.4139
7440 83.4139
7442 83.4139
7444 83.4139
7446 83.4139
7448 83.4139
7450 83.4139
7452 83.4139
7454 83.4139
7456 83.4139
7458 83.4139
7460 83.4139
7462 83.4139
7464 83.4139
7466 83.4139
7468 83.4139
7470 83.4139
7472 83.4139
7474 83.4139
7476 83.4139
7478 83.4139
7480 83.4139
7482 83.4139
7484 83.4139
7486 83.4139
7488 83.4139
7490 83.4139
7492 83.4139
7494 83.4139
7496 83.4139
7498 83.4139
7500 83.4139
7502 83.4139
7504 83.4139
7506 83.4139
7508 83.4139
7510 83.4139
7512 83.4139
7514 83.4139
7516 83.4139
7518 83.4139
7520 83.4139
7522 83.4139
7524 83.4139
7526 83.4139
7528 83.4139
7530 83.4139
7532 83.4139
7534 83.4139
7536 83.4139
7538 83.4139
7540 83.4139
7542 83.4139
7544 83.4139
7546 83.4139
7548 83.4139
7550 83.4139
7552 83.4139
7554 83.4139
7556 83.4139
7558 83.4139
7560 83.4139
7562 83.4139
7564 83.4139
7566 83.4139
7568 83.4139
7570 83.4139
7572 83.4139
7574 83.4139
7576 83.4139
7578 83.4139
7580 83.4139
7582 83.4139
7584 83.4139
7586 83.4139
7588 83.4139
7590 83.4139
7592 83.4139
7594 83.4139
7596 83.4139
7598 83.4139
7600 83.4139
7602 83.4139
7604 83.4139
7606 83.4139
7608 83.4139
7610 83.4139
7612 83.4139
7614 83.4139
7616 83.4139
7618 83.4139
7620 83.4139
7622 83.4139
7624 83.4139
7626 83.4139
7628 83.4139
7630 83.4139
7632 83.4139
7634 83.4139
7636 83.4139
7638 83.4139
7640 83.4139
7642 83.4139
7644 83.4139
7646 83.4139
7648 83.4139
7650 83.4139
7652 83.4139
7654 83.4139
7656 83.4139
7658 83.4139
7660 83.4139
7662 83.4139
7664 83.4139
7666 83.4139
7668 83.4139
7670 83.4139
7672 83.4139
7674 83.4139
7676 83.4139
7678 83.4139
7680 83.4139
7682 83.4139
7684 83.4139
7686 83.4139
7688 83.4139
7690 83.4139
7692 83.4139
7694 83.4139
7696 83.4139
7698 83.4139
7700 83.4139
7702 83.4139
7704 83.4139
7706 83.4139
7708 83.4139
7710 83.4139
7712 83.4139
7714 83.4139
7716 83.4139
7718 83.4139
7720 83.4139
7722 83.4139
7724 83.4139
7726 83.4139
7728 83.4139
7730 83.4139
7732 83.4139
7734 83.4139
7736 83.4139
7738 83.4139
7740 83.4139
7742 83.4139
7744 83.4139
7746 83.4139
7748 83.4139
7750 83.4139
7752 83.4139
7754 83.4139
7756 83.4139
7758 83.4139
7760 83.4139
7762 83.4139
7764 83.4139
7766 83.4139
7768 83.4139
7770 83.4139
7772 83.4139
7774 83.4139
7776 83.4139
7778 83.4139
7780 83.4139
7782 83.4139
7784 83.4139
7786 83.4139
7788 83.4139
7790 83.4139
7792 83.4139
7794 83.4139
7796 83.4139
7798 83.4139
7800 83.4139
7802 83.4139
7804 83.4139
7806 83.4139
7808 83.4139
7810 83.4139
7812 83.4139
7814 83.4139
7816 83.4139
7818 83.4139
7820 83.4139
7822 83.4139
7824 83.4139
7826 83.4139
7828 83.4139
7830 83.4139
7832 83.4139
7834 83.4139
7836 83.4139
7838 83.4139
7840 83.4139
7842 83.4139
7844 83.4139
7846 83.4139
7848 83.4139
7850 83.4139
7852 83.4139
7854 83.4139
7856 83.4139
7858 83.4139
7860 83.4139
7862 83.4139
7864 83.4139
7866 83.4139
7868 83.4139
7870 83.4139
7872 83.4139
7874 83.4139
7876 83.4139
7878 83.4139
7880 83.4139
7882 83.4139
7884 83.4139
7886 83.4139
7888 83.4139
7890 83.4139
7892 83.4139
7894 83.4139
7896 83.4139
7898 83.4139
7900 83.4139
7902 83.4139
7904 83.4139
7906 83.4139
7908 83.4139
7910 83.4139
7912 83.4139
7914 83.4139
7916 83.4139
7918 83.4139
7920 83.4139
7922 83.4139
7924 83.4139
7926 83.4139
7928 83.4139
7930 83.4139
7932 83.4139
7934 83.4139
7936 83.4139
7938 83.4139
7940 83.4139
7942 83.4139
7944 83.4139
7946 83.4139
7948 83.4139
7950 83.4139
7952 83.4139
7954 83.4139
7956 83.4139
7958 83.4139
7960 83.4139
7962 83.4139
7964 83.4139
7966 83.4139
7968 83.4139
7970 83.4139
7972 83.4139
7974 83.4139
7976 83.4139
7978 83.4139
7980 83.4139
7982 83.4139
7984 83.4139
7986 83.4139
7988 83.4139
7990 83.4139
7992 83.4139
7994 83.4139
7996 83.4139
7998 83.4139
8000 83.4139
8002 83.4139
8004 83.4139
8006 83.4139
8008 83.4139
8010 83.4139
8012 83.4139
8014 83.4139
8016 83.4139
8018 83.4139
8020 83.4139
8022 83.4139
8024 83.4139
8026 83.4139
8028 83.4139
8030 83.4139
8032 83.4139
8034 83.4139
8036 83.4139
8038 83.4139
8040 83.4139
8042 83.4139
8044 83.4139
8046 83.4139
8048 83.4139
8050 83.4139
8052 83.4139
8054 83.4139
8056 83.4139
8058 83.4139
8060 83.4139
8062 83.4139
8064 83.4139
8066 83.4139
8068 83.4139
8070 83.4139
8072 83.4139
8074 83.4139
8076 83.4139
8078 83.4139
8080 83.4139
8082 83.4139
8084 83.4139
8086 83.4139
8088 83.4139
8090 83.4139
8092 83.4139
8094 83.4139
8096 83.4139
8098 83.4139
8100 83.4139
8102 83.4139
8104 83.4139
8106 83.4139
8108 83.4139
8110 83.4139
8112 83.4139
8114 83.4139
8116 83.4139
8118 83.4139
8120 83.4139
8122 83.4139
8124 83.4139
8126 83.4139
8128 83.4139
8130 83.4139
8132 83.4139
8134 83.4139
8136 83.4139
8138 83.4139
8140 83.4139
8142 83.4139
8144 83.4139
8146 83.4139
8148 83.4139
8150 83.4139
8152 83.4139
8154 83.4139
8156 83.4139
8158 83.4139
8160 83.4139
8162 83.4139
8164 83.4139
8166 83.4139
8168 83.4139
8170 83.4139
8172 83.4139
8174 83.4139
8176 83.4139
8178 83.4139
8180 83.4139
8182 83.4139
8184 83.4139
8186 83.4139
8188 83.4139
8190 83.4139
8192 83.4139
8194 83.4139
8196 83.4139
8198 83.4139
8200 83.4139
8202 83.4139
8204 83.4139
8206 83.4139
8208 83.4139
8210 83.4139
8212 83.4139
8214 83.4139
8216 83.4139
8218 83.4139
8220 83.4139
8222 83.4139
8224 83.4139
8226 83.4139
8228 83.4139
8230 83.4139
8232 83.4139
8234 83.4139
8236 83.4139
8238 83.4139
8240 83.4139
8242 83.4139
8244 83.4139
8246 83.4139
8248 83.4139
8250 83.4139
8252 83.4139
8254 83.4139
8256 83.4139
8258 83.4139
8260 83.4139
8262 83.4139
8264 83.4139
8266 83.4139
8268 83.4139
8270 83.4139
8272 83.4139
8274 83.4139
8276 83.4139
8278 83.4139
8280 83.4139
8282 83.4139
8284 83.4139
8286 83.4139
8288 83.4139
8290 83.4139
8292 83.4139
8294 83.4139
8296 83.4139
8298 83.4139
8300 83.4139
8302 83.4139
8304 83.4139
8306 83.4139
8308 83.4139
8310 83.4139
8312 83.4139
8314 83.4139
8316 83.4139
8318 83.4139
8320 83.4139
8322 83.4139
8324 83.4139
8326 83.4139
8328 83.4139
8330 83.4139
8332 83.4139
8334 83.4139
8336 83.4139
8338 83.4139
8340 83.4139
8342 83.4139
8344 83.4139
8346 83.4139
8348 83.4139
8350 83.4139
8352 83.4139
8354 83.4139
8356 83.4139
8358 83.4139
8360 83.4139
8362 83.4139
8364 83.4139
8366 83.4139
8368 83.4139
8370 83.4139
8372 83.4139
8374 83.4139
8376 83.4139
8378 83.4139
8380 83.4139
8382 83.4139
8384 83.4139
8386 83.4139
8388 83.4139
8390 83.4139
8392 83.4139
8394 83.4139
8396 83.4139
8398 83.4139
8400 83.4139
8402 83.4139
8404 83.4139
8406 83.4139
8408 83.4139
8410 83.4139
8412 83.4139
8414 83.4139
8416 83.4139
8418 83.4139
8420 83.4139
8422 83.4139
8424 83.4139
8426 83.4139
8428 83.4139
8430 83.4139
8432 83.4139
8434 83.4139
8436 83.4139
8438 83.4139
8440 83.4139
8442 83.4139
8444 83.4139
8446 83.4139
8448 83.4139
8450 83.4139
8452 83.4139
8454 83.4139
8456 83.4139
8458 83.4139
8460 83.4139
8462 83.4139
8464 83.4139
8466 83.4139
8468 83.4139
8470 83.4139
8472 83.4139
8474 83.4139
8476 83.4139
8478 83.4139
8480 83.4139
8482 83.4139
8484 83.4139
8486 83.4139
8488 83.4139
8490 83.4139
8492 83.4139
8494 83.4139
8496 83.4139
8498 83.4139
8500 83.4139
8502 83.4139
8504 83.4139
8506 83.4139
8508 83.4139
8510 83.4139
8512 83.4139
8514 83.4139
8516 83.4139
8518 83.4139
8520 83.4139
8522 83.4139
8524 83.4139
8526 83.4139
8528 83.4139
8530 83.4139
8532 83.4139
8534 83.4139
8536 83.4139
8538 83.4139
8540 83.4139
8542 83.4139
8544 83.4139
8546 83.4139
8548 83.4139
8550 83.4139
8552 83.4139
8554 83.4139
8556 83.4139
8558 83.4139
8560 83.4139
8562 83.4139
8564 83.4139
8566 83.4139
8568 83.4139
8570 83.4139
8572 83.4139
8574 83.4139
8576 83.4139
8578 83.4139
8580 83.4139
8582 83.4139
8584 83.4139
8586 83.4139
8588 83.4139
8590 83.4139
8592 83.4139
8594 83.4139
8596 83.4139
8598 83.4139
8600 83.4139
8602 83.4139
8604 83.4139
8606 83.4139
8608 83.4139
8610 83.4139
8612 83.4139
8614 83.4139
8616 83.4139
8618 83.4139
8620 83.4139
8622 83.4139
8624 83.4139
8626 83.4139
8628 83.4139
8630 83.4139
8632 83.4139
8634 83.4139
8636 83.4139
8638 83.4139
8640 83.4139
8642 83.4139
8644 83.4139
8646 83.4139
8648 83.4139
8650 83.4139
8652 83.4139
8654 83.4139
8656 83.4139
8658 83.4139
8660 83.4139
8662 83.4139
8664 83.4139
8666 83.4139
8668 83.4139
8670 83.4139
8672 83.4139
8674 83.4139
8676 83.4139
8678 83.4139
8680 83.4139
8682 83.4139
8684 83.4139
8686 83.4139
8688 83.4139
8690 83.4139
8692 83.4139
8694 83.4139
8696 83.4139
8698 83.4139
8700 83.4139
8702 83.4139
8704 83.4139
8706 83.4139
8708 83.4139
8710 83.4139
8712 83.4139
8714 83.4139
8716 83.4139
8718 83.4139
8720 83.4139
8722 83.4139
8724 83.4139
8726 83.4139
8728 83.4139
8730 83.4139
8732 83.4139
8734 83.4139
8736 83.4139
8738 83.4139
8740 83.4139
8742 83.4139
8744 83.4139
8746 83.4139
8748 83.4139
8750 83.4139
8752 83.4139
8754 83.4139
8756 83.4139
8758 83.4139
8760 83.4139
8762 83.4139
8764 83.4139
8766 83.4139
8768 83.4139
8770 83.4139
8772 83.4139
8774 83.4139
8776 83.4139
8778 83.4139
8780 83.4139
8782 83.4139
8784 83.4139
8786 83.4139
8788 83.4139
8790 83.4139
8792 83.4139
8794 83.4139
8796 83.4139
8798 83.4139
8800 83.4139
8802 83.4139
8804 83.4139
8806 83.4139
8808 83.4139
8810 83.4139
8812 83.4139
8814 83.4139
8816 83.4139
8818 83.4139
8820 83.4139
8822 83.4139
8824 83.4139
8826 83.4139
8828 83.4139
8830 83.4139
8832 83.4139
8834 83.4139
8836 83.4139
8838 83.4139
8840 83.4139
8842 83.4139
8844 83.4139
8846 83.4139
8848 83.4139
8850 83.4139
8852 83.4139
8854 83.4139
8856 83.4139
8858 83.4139
8860 83.4139
8862 83.4139
8864 83.4139
8866 83.4139
8868 83.4139
8870 83.4139
8872 83.4139
8874 83.4139
8876 83.4139
8878 83.4139
8880 83.4139
8882 83.4139
8884 83.4139
8886 83.4139
8888 83.4139
8890 83.4139
8892 83.4139
8894 83.4139
8896 83.4139
8898 83.4139
8900 83.4139
8902 83.4139
8904 83.4139
8906 83.4139
8908 83.4139
8910 83.4139
8912 83.4139
8914 83.4139
8916 83.4139
8918 83.4139
8920 83.4139
8922 83.4139
8924 83.4139
8926 83.4139
8928 83.4139
8930 83.4139
8932 83.4139
8934 83.4139
8936 83.4139
8938 83.4139
8940 83.4139
8942 83.4139
8944 83.4139
8946 83.4139
8948 83.4139
8950 83.4139
8952 83.4139
8954 83.4139
8956 83.4139
8958 83.4139
8960 83.4139
8962 83.4139
8964 83.4139
8966 83.4139
8968 83.4139
8970 83.4139
8972 83.4139
8974 83.4139
8976 83.4139
8978 83.4139
8980 83.4139
8982 83.4139
8984 83.4139
8986 83.4139
8988 83.4139
8990 83.4139
8992 83.4139
8994 83.4139
8996 83.4139
8998 83.4139
9000 83.4139
9002 83.4139
9004 83.4139
9006 83.4139
9008 83.4139
9010 83.4139
9012 83.4139
9014 83.4139
9016 83.4139
9018 83.4139
9020 83.4139
9022 83.4139
9024 83.4139
9026 83.4139
9028 83.4139
9030 83.4139
9032 83.4139
9034 83.4139
9036 83.4139
9038 83.4139
9040 83.4139
9042 83.4139
9044 83.4139
9046 83.4139
9048 83.4139
9050 83.4139
9052 83.4139
9054 83.4139
9056 83.4139
9058 83.4139
9060 83.4139
9062 83.4139
9064 83.4139
9066 83.4139
9068 83.4139
9070 83.4139
9072 83.4139
9074 83.4139
9076 83.4139
9078 83.4139
9080 83.4139
9082 83.4139
9084 83.4139
9086 83.4139
9088 83.4139
9090 83.4139
9092 83.4139
9094 83.4139
9096 83.4139
9098 83.4139
9100 83.4139
9102 83.4139
9104 83.4139
9106 83.4139
9108 83.4139
9110 83.4139
9112 83.4139
9114 83.4139
9116 83.4139
9118 83.4139
9120 83.4139
9122 83.4139
9124 83.4139
9126 83.4139
9128 83.4139
9130 83.4139
9132 83.4139
9134 83.4139
9136 83.4139
9138 83.4139
9140 83.4139
9142 83.4139
9144 83.4139
9146 83.4139
9148 83.4139
9150 83.4139
9152 83.4139
9154 83.4139
9156 83.4139
9158 83.4139
9160 83.4139
9162 83.4139
9164 83.4139
9166 83.4139
9168 83.4139
9170 83.4139
9172 83.4139
9174 83.4139
9176 83.4139
9178 83.4139
9180 83.4139
9182 83.4139
9184 83.4139
9186 83.4139
9188 83.4139
9190 83.4139
9192 83.4139
9194 83.4139
9196 83.4139
9198 83.4139
9200 83.4139
9202 83.4139
9204 83.4139
9206 83.4139
9208 83.4139
9210 83.4139
9212 83.4139
9214 83.4139
9216 83.4139
9218 83.4139
9220 83.4139
9222 83.4139
9224 83.4139
9226 83.4139
9228 83.4139
9230 83.4139
9232 83.4139
9234 83.4139
9236 83.4139
9238 83.4139
9240 83.4139
9242 83.4139
9244 83.4139
9246 83.4139
9248 83.4139
9250 83.4139
9252 83.4139
9254 83.4139
9256 83.4139
9258 83.4139
9260 83.4139
9262 83.4139
9264 83.4139
9266 83.4139
9268 83.4139
9270 83.4139
9272 83.4139
9274 83.4139
9276 83.4139
9278 83.4139
9280 83.4139
9282 83.4139
9284 83.4139
9286 83.4139
9288 83.4139
9290 83.4139
9292 83.4139
9294 83.4139
9296 83.4139
9298 83.4139
9300 83.4139
9302 83.4139
9304 83.4139
9306 83.4139
9308 83.4139
9310 83.4139
9312 83.4139
9314 83.4139
9316 83.4139
9318 83.4139
9320 83.4139
9322 83.4139
9324 83.4139
9326 83.4139
9328 83.4139
9330 83.4139
9332 83.4139
9334 83.4139
9336 83.4139
9338 83.4139
9340 83.4139
9342 83.4139
9344 83.4139
9346 83.4139
9348 83.4139
9350 83.4139
9352 83.4139
9354 83.4139
9356 83.4139
9358 83.4139
9360 83.4139
9362 83.4139
9364 83.4139
9366 83.4139
9368 83.4139
9370 83.4139
9372 83.4139
9374 83.4139
9376 83.4139
9378 83.4139
9380 83.4139
9382 83.4139
9384 83.4139
9386 83.4139
9388 83.4139
9390 83.4139
9392 83.4139
9394 83.4139
9396 83.4139
9398 83.4139
9400 83.4139
9402 83.4139
9404 83.4139
9406 83.4139
9408 83.4139
9410 83.4139
9412 83.4139
9414 83.4139
9416 83.4139
9418 83.4139
9420 83.4139
9422 83.4139
9424 83.4139
9426 83.4139
9428 83.4139
9430 83.4139
9432 83.4139
9434 83.4139
9436 83.4139
9438 83.4139
9440 83.4139
9442 83.4139
9444 83.4139
9446 83.4139
9448 83.4139
9450 83.4139
9452 83.4139
9454 83.4139
9456 83.4139
9458 83.4139
9460 83.4139
9462 83.4139
9464 83.4139
9466 83.4139
9468 83.4139
9470 83.4139
9472 83.4139
9474 83.4139
9476 83.4139
9478 83.4139
9480 83.4139
9482 83.4139
9484 83.4139
9486 83.4139
9488 83.4139
9490 83.4139
9492 83.4139
9494 83.4139
9496 83.4139
9498 83.4139
9500 83.4139
9502 83.4139
9504 83.4139
9506 83.4139
9508 83.4139
9510 83.4139
9512 83.4139
9514 83.4139
9516 83.4139
9518 83.4139
9520 83.4139
9522 83.4139
9524 83.4139
9526 83.4139
9528 83.4139
9530 83.4139
9532 83.4139
9534 83.4139
9536 83.4139
9538 83.4139
9540 83.4139
9542 83.4139
9544 83.4139
9546 83.4139
9548 83.4139
9550 83.4139
9552 83.4139
9554 83.4139
9556 83.4139
9558 83.4139
9560 83.4139
9562 83.4139
9564 83.4139
9566 83.4139
9568 83.4139
9570 83.4139
9572 83.4139
9574 83.4139
9576 83.4139
9578 83.4139
9580 83.4139
9582 83.4139
9584 83.4139
9586 83.4139
9588 83.4139
9590 83.4139
9592 83.4139
9594 83.4139
9596 83.4139
9598 83.4139
9600 83.4139
9602 83.4139
9604 83.4139
9606 83.4139
9608 83.4139
9610 83.4139
9612 83.4139
9614 83.4139
9616 83.4139
9618 83.4139
9620 83.4139
9622 83.4139
9624 83.4139
9626 83.4139
9628 83.4139
9630 83.4139
9632 83.4139
9634 83.4139
9636 83.4139
9638 83.4139
9640 83.4139
9642 83.4139
9644 83.4139
9646 83.4139
9648 83.4139
9650 83.4139
9652 83.4139
9654 83.4139
9656 83.4139
9658 83.4139
9660 83.4139
9662 83.4139
9664 83.4139
9666 83.4139
9668 83.4139
9670 83.4139
9672 83.4139
9674 83.4139
9676 83.4139
9678 83.4139
9680 83.4139
9682 83.4139
9684 83.4139
9686 83.4139
9688 83.4139
9690 83.4139
9692 83.4139
9694 83.4139
9696 83.4139
9698 83.4139
9700 83.4139
9702 83.4139
9704 83.4139
9706 83.4139
9708 83.4139
9710 83.4139
9712 83.4139
9714 83.4139
9716 83.4139
9718 83.4139
9720 83.4139
9722 83.4139
9724 83.4139
9726 83.4139
9728 83.4139
9730 83.4139
9732 83.4139
9734 83.4139
9736 83.4139
9738 83.4139
9740 83.4139
9742 83.4139
9744 83.4139
9746 83.4139
9748 83.4139
9750 83.4139
9752 83.4139
9754 83.4139
9756 83.4139
9758 83.4139
9760 83.4139
9762 83.4139
9764 83.4139
9766 83.4139
9768 83.4139
9770 83.4139
9772 83.4139
9774 83.4139
9776 83.4139
9778 83.4139
9780 83.4139
9782 83.4139
9784 83.4139
9786 83.4139
9788 83.4139
9790 83.4139
9792 83.4139
9794 83.4139
9796 83.4139
9798 83.4139
9800 83.4139
9802 83.4139
9804 83.4139
9806 83.4139
9808 83.4139
9810 83.4139
9812 83.4139
9814 83.4139
9816 83.4139
9818 83.4139
9820 83.4139
9822 83.4139
9824 83.4139
9826 83.4139
9828 83.4139
9830 83.4139
9832 83.4139
9834 83.4139
9836 83.4139
9838 83.4139
9840 83.4139
9842 83.4139
9844 83.4139
9846 83.4139
9848 83.4139
9850 83.4139
9852 83.4139
9854 83.4139
9856 83.4139
9858 83.4139
9860 83.4139
9862 83.4139
9864 83.4139
9866 83.4139
9868 83.4139
9870 83.4139
9872 83.4139
9874 83.4139
9876 83.4139
9878 83.4139
9880 83.4139
9882 83.4139
9884 83.4139
9886 83.4139
9888 83.4139
9890 83.4139
9892 83.4139
9894 83.4139
9896 83.4139
9898 83.4139
9900 83.4139
9902 83.4139
9904 83.4139
9906 83.4139
9908 83.4139
9910 83.4139
9912 83.4139
9914 83.4139
9916 83.4139
9918 83.4139
9920 83.4139
9922 83.4139
9924 83.4139
9926 83.4139
9928 83.4139
9930 83.4139
9932 83.4139
9934 83.4139
9936 83.4139
9938 83.4139
9940 83.4139
9942 83.4139
9944 83.4139
9946 83.4139
9948 83.4139
9950 83.4139
9952 83.4139
9954 83.4139
9956 83.4139
9958 83.4139
9960 83.4139
9962 83.4139
9964 83.4139
9966 83.4139
9968 83.4139
9970 83.4139
9972 83.4139
9974 83.4139
9976 83.4139
9978 83.4139
9980 83.4139
9982 83.4139
9984 83.4139
9986 83.4139
9988 83.4139
9990 83.4139
9992 83.4139
9994 83.4139
9996 83.4139
9998 83.4139
10000 83.4139
10002 83.4139
10004 83.4139
10006 83.4139
10008 83.4139
10010 83.4139
10012 83.4139
10014 83.4139
10016 83.4139
10018 83.4139
10020 83.4139
10022 83.4139
10024 83.4139
10026 83.4139
10028 83.4139
10030 83.4139
10032 83.4139
10034 83.4139
10036 83.4139
10038 83.4139
10040 83.4139
10042 83.4139
10044 83.4139
10046 83.4139
10048 83.4139
10050 83.4139
10052 83.4139
10054 83.4139
10056 83.4139
10058 83.4139
10060 83.4139
10062 83.4139
10064 83.4139
10066 83.4139
10068 83.4139
10070 83.4139
10072 83.4139
10074 83.4139
10076 83.4139
10078 83.4139
10080 83.4139
10082 83.4139
10084 83.4139
10086 83.4139
10088 83.4139
10090 83.4139
10092 83.4139
10094 83.4139
10096 83.4139
10098 83.4139
10100 83.4139
10102 83.4139
10104 83.4139
10106 83.4139
10108 83.4139
10110 83.4139
10112 83.4139
10114 83.4139
10116 83.4139
10118 83.4139
10120 83.4139
10122 83.4139
10124 83.4139
10126 83.4139
10128 83.4139
10130 83.4139
10132 83.4139
10134 83.4139
10136 83.4139
10138 83.4139
10140 83.4139
10142 83.4139
10144 83.4139
10146 83.4139
10148 83.4139
10150 83.4139
10152 83.4139
10154 83.4139
10156 83.4139
10158 83.4139
10160 83.4139
10162 83.4139
10164 83.4139
10166 83.4139
10168 83.4139
10170 83.4139
10172 83.4139
10174 83.4139
10176 83.4139
10178 83.4139
10180 83.4139
10182 83.4139
10184 83.4139
10186 83.4139
10188 83.4139
10190 83.4139
10192 83.4139
10194 83.4139
10196 83.4139
10198 83.4139
10200 83.4139
10202 83.4139
10204 83.4139
10206 83.4139
10208 83.4139
10210 83.4139
10212 83.4139
10214 83.4139
10216 83.4139
10218 83.4139
10220 83.4139
10222 83.4139
10224 83.4139
10226 83.4139
10228 83.4139
10230 83.4139
10232 83.4139
10234 83.4139
10236 83.4139
10238 83.4139
10240 83.4139
10242 83.4139
10244 83.4139
10246 83.4139
10248 83.4139
10250 83.4139
10252 83.4139
10254 83.4139
10256 83.4139
10258 83.4139
10260 83.4139
10262 83.4139
10264 83.4139
10266 83.4139
10268 83.4139
10270 83.4139
10272 83.4139
10274 83.4139
10276 83.4139
10278 83.4139
10280 83.4139
10282 83.4139
10284 83.4139
10286 83.4139
10288 83.4139
10290 83.4139
10292 83.4139
10294 83.4139
10296 83.4139
10298 83.4139
10300 83.4139
10302 83.4139
10304 83.4139
10306 83.4139
10308 83.4139
10310 83.4139
10312 83.4139
10314 83.4139
10316 83.4139
10318 83.4139
10320 83.4139
10322 83.4139
10324 83.4139
10326 83.4139
10328 83.4139
10330 83.4139
10332 83.4139
10334 83.4139
10336 83.4139
10338 83.4139
10340 83.4139
10342 83.4139
10344 83.4139
10346 83.4139
10348 83.6345
10350 83.6345
10352 83.6345
10354 83.6345
10356 83.6345
10358 83.6345
10360 83.6345
10362 83.6345
10364 83.6345
10366 83.6345
10368 83.6345
10370 83.6345
10372 83.6345
10374 83.6345
10376 83.6345
10378 83.6345
10380 83.6345
10382 83.6345
10384 83.6345
10386 83.6345
10388 83.6345
10390 83.6345
10392 83.6345
10394 83.6345
10396 83.6345
10398 83.6345
10400 83.6345
10402 83.6345
10404 83.6345
10406 83.6345
10408 83.6345
10410 83.6345
10412 83.6345
10414 83.6345
10416 83.6345
10418 83.6345
10420 83.6345
10422 83.6345
10424 83.6345
10426 83.6345
10428 83.6345
10430 83.6345
10432 83.6345
10434 83.6345
10436 83.6345
10438 83.6345
10440 83.6345
10442 83.6345
10444 83.6345
10446 83.6345
10448 83.6345
10450 83.6345
10452 83.6345
10454 83.6345
10456 83.6345
10458 83.6345
10460 83.6345
10462 83.6345
10464 83.6345
10466 83.6345
10468 83.6345
10470 83.6345
10472 83.6345
10474 83.6345
10476 83.6345
10478 83.6345
10480 83.6345
10482 83.6345
10484 83.6345
10486 83.6345
10488 83.6345
10490 83.6345
10492 83.6345
10494 83.6345
10496 83.6345
10498 83.6345
10500 83.6345
10502 83.6345
10504 83.6345
10506 83.6345
10508 83.6345
10510 83.6345
10512 83.6345
10514 83.6345
10516 83.6345
10518 83.6345
10520 83.6345
10522 83.6345
10524 83.6345
10526 83.6345
10528 83.6345
10530 83.6345
10532 83.6345
10534 83.6345
10536 83.6345
10538 83.6345
10540 83.6345
10542 83.6345
10544 83.6345
10546 83.6345
10548 83.6345
10550 83.6345
10552 83.6345
10554 83.6345
10556 83.6345
10558 83.6345
10560 83.6345
10562 83.6345
10564 83.6345
10566 83.6345
10568 83.6345
10570 83.6345
10572 83.6345
10574 83.6345
10576 83.6345
10578 83.6345
10580 83.6345
10582 83.6345
10584 83.6345
10586 83.6345
10588 83.6345
10590 83.6345
10592 83.6345
10594 83.6345
10596 83.6345
10598 83.6345
10600 83.6345
10602 83.6345
10604 83.6345
10606 83.6345
10608 83.6345
10610 83.6345
10612 83.6345
10614 83.6345
10616 83.6345
10618 83.6345
10620 83.6345
10622 83.6345
10624 83.6345
10626 83.6345
10628 83.6345
10630 83.6345
10632 83.6345
10634 83.6345
10636 83.6345
10638 83.6345
10640 83.6345
10642 83.6345
10644 83.6345
10646 83.6345
10648 83.6345
10650 83.6345
10652 83.6345
10654 83.6345
10656 83.6345
10658 83.6345
10660 83.6345
10662 83.6345
10664 83.6345
10666 83.6345
10668 83.6345
10670 83.6345
10672 83.6345
10674 83.6345
10676 83.6345
10678 83.6345
10680 83.6345
10682 83.6345
10684 83.6345
10686 83.6345
10688 83.6345
10690 83.6345
10692 83.6345
10694 83.6345
10696 83.6345
10698 83.6345
10700 83.6345
10702 83.6345
10704 83.6345
10706 83.6345
10708 83.6345
10710 83.6345
10712 83.6345
10714 83.6345
10716 83.6345
10718 83.6345
10720 83.6345
10722 83.6345
10724 83.6345
10726 83.6345
10728 83.6345
10730 83.6345
10732 83.6345
10734 83.6345
10736 83.6345
10738 83.6345
10740 83.6345
10742 83.6345
10744 83.6345
10746 83.6345
10748 83.6345
10750 83.6345
10752 83.6345
10754 83.6345
10756 83.6345
10758 83.6345
10760 83.6345
10762 83.6345
10764 83.6345
10766 83.6345
10768 83.6345
10770 83.6345
10772 83.6345
10774 83.6345
10776 83.6345
10778 83.6345
10780 83.6345
10782 83.6345
10784 83.6345
10786 83.6345
10788 83.6345
10790 83.6345
10792 83.6345
10794 83.6345
10796 83.6345
10798 83.6345
10800 83.6345
10802 83.6345
10804 83.6345
10806 83.6345
10808 83.6345
10810 83.6345
10812 83.6345
10814 83.6345
10816 83.6345
10818 83.6345
10820 83.6345
10822 83.6345
10824 83.6345
10826 83.6345
10828 83.6345
10830 83.6345
10832 83.6345
10834 83.6345
10836 83.6345
10838 83.6345
10840 83.6345
10842 83.6345
10844 83.6345
10846 83.6345
10848 83.6345
10850 83.6345
10852 83.6345
10854 83.6345
10856 83.6345
10858 83.6345
10860 83.6345
10862 83.6345
10864 83.6345
10866 83.6345
10868 83.6345
10870 83.6345
10872 83.6345
10874 83.6345
10876 83.6345
10878 83.6345
10880 83.6345
10882 83.6345
10884 83.6345
10886 83.6345
10888 83.6345
10890 83.6345
10892 83.6345
10894 83.6345
10896 83.6345
10898 83.6345
10900 83.6345
10902 83.6345
10904 83.6345
10906 83.6345
10908 83.6345
10910 83.6345
10912 83.6345
10914 83.6345
10916 83.6345
10918 83.6345
10920 83.6345
10922 83.6345
10924 83.6345
10926 83.6345
10928 83.6345
10930 83.6345
10932 83.6345
10934 83.6345
10936 83.6345
10938 83.6345
10940 83.6345
10942 83.6345
10944 83.6345
10946 83.6345
10948 83.6345
10950 83.6345
10952 83.6345
10954 83.6345
10956 83.6345
10958 83.6345
10960 83.6345
10962 83.6345
10964 83.6345
10966 83.6345
10968 83.6345
10970 83.6345
10972 83.6345
10974 83.6345
10976 83.6345
10978 83.6345
10980 83.6345
10982 83.6345
10984 83.6345
10986 83.6345
10988 83.6345
10990 83.6345
10992 83.6345
10994 83.6345
10996 83.6345
10998 83.6345
11000 83.6345
11002 83.6345
11004 83.6345
11006 83.6345
11008 83.6345
11010 83.6345
11012 83.6345
11014 83.6345
11016 83.6345
11018 83.6345
11020 83.6345
11022 83.6345
11024 83.6345
11026 83.6345
11028 83.6345
11030 83.6345
11032 83.6345
11034 83.6345
11036 83.6345
11038 83.6345
11040 83.6345
11042 83.6345
11044 83.6345
11046 83.6345
11048 83.6345
11050 83.6345
11052 83.6345
11054 83.6345
11056 83.6345
11058 83.6345
11060 83.6345
11062 83.6345
11064 83.6345
11066 83.6345
11068 83.6345
11070 83.6345
11072 83.6345
11074 83.6345
11076 83.6345
11078 83.6345
11080 83.6345
11082 83.6345
11084 83.6345
11086 83.6345
11088 83.6345
11090 83.6345
11092 83.6345
11094 83.6345
11096 83.6345
11098 83.6345
11100 83.6345
11102 83.6345
11104 83.6345
11106 83.6345
11108 83.6345
11110 83.6345
11112 83.6345
11114 83.6345
11116 83.6345
11118 83.6345
11120 83.6345
11122 83.6345
11124 83.6345
11126 83.6345
11128 83.6345
11130 83.6345
11132 83.6345
11134 83.6345
11136 83.6345
11138 83.6345
11140 83.6345
11142 83.6345
11144 83.6345
11146 83.6345
11148 83.6345
11150 83.6345
11152 83.6345
11154 83.6345
11156 83.6345
11158 83.6345
11160 83.6345
11162 83.6345
11164 83.6345
11166 83.6345
11168 83.6345
11170 83.6345
11172 83.6345
11174 83.6345
11176 83.6345
11178 83.6345
11180 83.6345
11182 83.6345
11184 83.6345
11186 83.6345
11188 83.6345
11190 83.6345
11192 83.6345
11194 83.6345
11196 83.6345
11198 83.6345
11200 83.6345
11202 83.6345
11204 83.6345
11206 83.6345
11208 83.6345
11210 83.6345
11212 83.6345
11214 83.6345
11216 83.6345
11218 83.6345
11220 83.6345
11222 83.6345
11224 83.6345
11226 83.6345
11228 83.6345
11230 83.6345
11232 83.6345
11234 83.6345
11236 83.6345
11238 83.6345
11240 83.6345
11242 83.6345
11244 83.6345
11246 83.6345
11248 83.6345
11250 83.6345
11252 83.6345
11254 83.6345
11256 83.6345
11258 83.6345
11260 83.6345
11262 83.6345
11264 83.6345
11266 83.6345
11268 83.6345
11270 83.6345
11272 83.6345
11274 83.6345
11276 83.6345
11278 83.6345
11280 83.6345
11282 83.6345
11284 83.6345
11286 83.6345
11288 83.6345
11290 83.6345
11292 83.6345
11294 83.6345
11296 83.6345
11298 83.6345
11300 83.6345
11302 83.6345
11304 83.6345
11306 83.6345
11308 83.6345
11310 83.6345
11312 83.6345
11314 83.6345
11316 83.6345
11318 83.6345
11320 83.6345
11322 83.6345
11324 83.6345
11326 83.6345
11328 83.6345
11330 83.6345
11332 83.6345
11334 83.6345
11336 83.6345
11338 83.6345
11340 83.6345
11342 83.6345
11344 83.6345
11346 83.6345
11348 83.6345
11350 83.6345
11352 83.6345
11354 83.6345
11356 83.6345
11358 83.6345
11360 83.6345
11362 83.6345
11364 83.6345
11366 83.6345
11368 83.6345
11370 83.6345
11372 83.6345
11374 83.6345
11376 83.6345
11378 83.6345
11380 83.6345
11382 83.6345
11384 83.6345
11386 83.6345
11388 83.6345
11390 83.6345
11392 83.6345
11394 83.6345
11396 83.6345
11398 83.6345
11400 83.6345
11402 83.6345
11404 83.6345
11406 83.6345
11408 83.6345
11410 83.6345
11412 83.9916
11414 83.9916
11416 83.9916
11418 83.9916
11420 83.9916
11422 83.9916
11424 83.9916
11426 83.9916
11428 83.9916
11430 83.9916
11432 83.9916
11434 83.9916
11436 83.9916
11438 83.9916
11440 83.9916
11442 83.9916
11444 83.9916
11446 83.9916
11448 83.9916
11450 83.9916
11452 83.9916
11454 83.9916
11456 83.9916
11458 83.9916
11460 83.9916
11462 83.9916
11464 83.9916
11466 83.9916
11468 83.9916
11470 84.7479
11472 84.7479
11474 84.9265
11476 84.9265
11478 84.9265
11480 84.9265
11482 84.9265
11484 84.9265
11486 84.9265
11488 84.9265
11490 84.9265
11492 84.9265
11494 84.9265
11496 84.9265
11498 84.9265
11500 84.9265
11502 84.9265
11504 84.9265
11506 84.9265
11508 84.9265
11510 84.9265
11512 84.9265
11514 84.9265
11516 84.9265
11518 84.9265
11520 84.9265
11522 84.9265
11524 84.9265
11526 84.9265
11528 84.9265
11530 84.9265
11532 84.9265
11534 84.9265
11536 84.9265
11538 84.9265
11540 84.9265
11542 84.9265
11544 84.9265
11546 84.9265
11548 84.9265
11550 84.9265
11552 84.9265
11554 84.9265
11556 84.9265
11558 84.9265
11560 84.9265
11562 84.9265
11564 84.9265
11566 84.9265
11568 84.9265
11570 84.9265
11572 84.9265
11574 84.9265
11576 84.9265
11578 84.9265
11580 84.9265
11582 84.9265
11584 84.9265
11586 84.9265
11588 84.9265
11590 84.9265
11592 84.9265
11594 84.9265
11596 84.9265
11598 84.9265
11600 84.9265
11602 84.9265
11604 84.9265
11606 84.9265
11608 84.9265
11610 84.9265
11612 84.9265
11614 84.9265
11616 84.9265
11618 84.9265
11620 84.9265
11622 84.9265
11624 84.9265
11626 84.9265
11628 84.9265
11630 84.9265
11632 84.9265
11634 84.9265
11636 84.9265
11638 84.9265
11640 84.9265
11642 84.9265
11644 84.9265
11646 84.9265
11648 84.9265
11650 84.9265
11652 84.9265
11654 84.9265
11656 84.9265
11658 84.9265
11660 84.9265
11662 84.9265
11664 84.9265
11666 84.9265
11668 84.9265
11670 84.9265
11672 84.9265
11674 84.9265
11676 84.9265
11678 84.9265
11680 84.9265
11682 84.9265
11684 84.9265
11686 84.9265
11688 84.9265
11690 84.9265
11692 84.9265
11694 84.9265
11696 84.9265
11698 84.9265
11700 84.9265
11702 84.9265
11704 84.9265
11706 84.9265
11708 84.9265
11710 84.9265
11712 84.9265
11714 84.9265
11716 84.9265
11718 84.9265
11720 84.9265
11722 84.9265
11724 84.9265
11726 84.9265
11728 84.9265
11730 84.9265
11732 84.9265
11734 84.9265
11736 84.9265
11738 84.9265
11740 84.9265
11742 84.9265
11744 84.9265
11746 84.9265
11748 84.9265
11750 84.9265
11752 84.9265
11754 84.9265
11756 84.9265
11758 84.9265
11760 84.9265
11762 84.9265
11764 84.9265
11766 84.9265
11768 84.9265
11770 84.9265
11772 84.9265
11774 84.9265
11776 84.9265
11778 84.9265
11780 84.9265
11782 84.9265
11784 84.9265
11786 84.9265
11788 84.9265
11790 84.9265
11792 84.9265
11794 84.9265
11796 84.9265
11798 84.9265
11800 84.9265
11802 84.9265
11804 84.9265
11806 84.9265
11808 84.9265
11810 84.9265
11812 84.9265
11814 84.9265
11816 84.9265
11818 84.9265
11820 84.9265
11822 84.9265
11824 84.9265
11826 84.9265
11828 84.9265
11830 84.9265
11832 84.9265
11834 84.9265
11836 84.9265
11838 84.9265
11840 84.9265
11842 84.9265
11844 84.9265
11846 84.9265
11848 84.9265
11850 84.9265
11852 84.9265
11854 84.9265
11856 84.9265
11858 84.9265
11860 84.9265
11862 84.9265
11864 84.9265
11866 84.9265
11868 84.9265
11870 84.9265
11872 84.9265
11874 84.9265
11876 84.9265
11878 84.9265
11880 84.9265
11882 84.9265
11884 84.9265
11886 84.9265
11888 84.9265
11890 84.9265
11892 84.9265
11894 84.9265
11896 84.9265
11898 84.9265
11900 84.9265
11902 84.9265
11904 84.9265
11906 84.9265
11908 84.9265
11910 84.9265
11912 84.9265
11914 84.9265
11916 84.9265
11918 84.9265
11920 84.9265
11922 84.9265
11924 84.9265
11926 84.9265
11928 84.9265
11930 84.9265
11932 84.9265
11934 84.9265
11936 84.9265
11938 84.9265
11940 84.9265
11942 84.9265
11944 84.9265
11946 84.9265
11948 84.9265
11950 84.9265
11952 84.9265
11954 84.9265
11956 84.9265
11958 84.9265
11960 84.9265
11962 84.9265
11964 84.9265
11966 84.9265
11968 84.9265
11970 84.9265
11972 84.9265
11974 84.9265
11976 84.9265
11978 84.9265
11980 84.9265
11982 84.9265
11984 84.9265
11986 84.9265
11988 84.9265
11990 84.9265
11992 84.9265
11994 84.9265
11996 84.9265
11998 84.9265
12000 84.9265
12002 84.9265
12004 84.9265
12006 84.9265
12008 84.9265
12010 84.9265
12012 84.9265
12014 84.9265
12016 84.9265
12018 84.9265
12020 84.9265
12022 84.9265
12024 84.9265
12026 84.9265
12028 84.9265
12030 84.9265
12032 84.9265
12034 84.9265
12036 84.9265
12038 84.9265
12040 84.9265
12042 84.9265
12044 84.9265
12046 84.9265
12048 84.9265
12050 84.9265
12052 84.9265
12054 84.9265
12056 84.9265
12058 84.9265
12060 84.9265
12062 84.9265
12064 84.9265
12066 84.9265
12068 84.9265
12070 84.9265
12072 84.9265
12074 84.9265
12076 84.9265
12078 84.9265
12080 84.9265
12082 84.9265
12084 84.9265
12086 84.9265
12088 84.9265
12090 84.9265
12092 84.9265
12094 84.9265
12096 84.9265
12098 84.9265
12100 84.9265
12102 84.9265
12104 84.9265
12106 84.9265
12108 84.9265
12110 84.9265
12112 84.9265
12114 84.9265
12116 84.9265
12118 84.9265
12120 84.9265
12122 84.9265
12124 84.9265
12126 84.9265
12128 84.9265
12130 84.9265
12132 84.9265
12134 84.9265
12136 84.9265
12138 84.9265
12140 84.9265
12142 84.9265
12144 84.9265
12146 84.9265
12148 84.9265
12150 84.9265
12152 84.9265
12154 84.9265
12156 84.9265
12158 84.9265
12160 84.9265
12162 84.9265
12164 84.9265
12166 84.9265
12168 84.9265
12170 84.9265
12172 84.9265
12174 84.9265
12176 84.9265
12178 84.9265
12180 84.9265
12182 84.9265
12184 84.9265
12186 84.9265
12188 84.9265
12190 84.9265
12192 84.9265
12194 84.9265
12196 84.9265
12198 84.9265
12200 84.9265
12202 84.9265
12204 84.9265
12206 84.9265
12208 84.9265
12210 84.9265
12212 84.9265
12214 84.9265
12216 84.9265
12218 84.9265
12220 84.9265
12222 84.9265
12224 84.9265
12226 84.9265
12228 84.9265
12230 84.9265
12232 84.9265
12234 84.9265
12236 84.9265
12238 84.9265
12240 84.9265
12242 84.9265
12244 84.9265
12246 84.9265
12248 85.105
12250 85.105
12252 85.105
12254 85.105
12256 85.105
12258 85.105
12260 85.105
12262 85.105
12264 85.105
12266 85.105
12268 85.105
12270 85.105
12272 85.105
12274 85.105
12276 85.105
12278 85.105
12280 85.105
12282 85.105
12284 85.105
12286 85.105
12288 85.105
12290 85.105
12292 85.105
12294 85.105
12296 85.105
12298 85.105
12300 85.105
12302 85.105
12304 85.105
12306 85.105
12308 85.105
12310 85.105
12312 85.105
12314 85.105
12316 85.105
12318 85.105
12320 85.105
12322 85.105
12324 85.105
12326 85.105
12328 85.105
12330 85.105
12332 85.105
12334 85.105
12336 85.105
12338 85.105
12340 85.105
12342 85.105
12344 85.105
12346 85.105
12348 85.105
12350 85.105
12352 85.105
12354 85.105
12356 85.105
12358 85.105
12360 85.105
12362 85.105
12364 85.105
12366 85.105
12368 85.105
12370 85.105
12372 85.105
12374 85.105
12376 85.105
12378 85.105
12380 85.105
12382 85.105
12384 85.105
12386 85.105
12388 85.105
12390 85.105
12392 85.105
12394 85.105
12396 85.105
12398 85.105
12400 85.105
12402 85.105
12404 85.105
12406 85.105
12408 85.105
12410 85.105
12412 85.105
12414 85.105
12416 85.105
12418 85.105
12420 85.105
12422 85.105
12424 85.105
12426 85.105
12428 85.105
12430 85.105
12432 85.105
12434 85.105
12436 85.105
12438 85.105
12440 85.105
12442 85.105
12444 85.105
12446 85.105
12448 85.105
12450 85.105
12452 85.105
12454 85.105
12456 85.105
12458 85.105
12460 85.105
12462 85.105
12464 85.105
12466 85.105
12468 85.105
12470 85.105
12472 85.105
12474 85.105
12476 85.105
12478 85.105
12480 85.105
12482 85.105
12484 85.105
12486 85.105
12488 85.105
12490 85.105
12492 85.105
12494 85.105
12496 85.105
12498 85.105
12500 85.105
12502 85.105
12504 85.105
12506 85.105
12508 85.105
12510 85.105
12512 85.1471
12514 85.1471
12516 85.1471
12518 85.1471
12520 85.1471
12522 85.1471
12524 85.1471
12526 85.1471
12528 85.1471
12530 85.1471
12532 85.1471
12534 85.1471
12536 85.1471
12538 85.1471
12540 85.1471
12542 85.1471
12544 85.1471
12546 85.1471
12548 85.1471
12550 85.1471
12552 85.1471
12554 85.1471
12556 85.1471
12558 85.1471
12560 85.1471
12562 85.1471
12564 85.1471
12566 85.1471
12568 85.1471
12570 85.1471
12572 85.1471
12574 85.1471
12576 85.1471
12578 85.1471
12580 85.1471
12582 85.1471
12584 85.1471
12586 85.1471
12588 85.1471
12590 85.1471
12592 85.1471
12594 85.1471
12596 85.1471
12598 85.1471
12600 85.1471
12602 85.1471
12604 85.1471
12606 85.1471
12608 85.1471
12610 85.1471
12612 85.1471
12614 85.1471
12616 85.1471
12618 85.1471
12620 85.1471
12622 85.1471
12624 85.1471
12626 85.1471
12628 85.1471
12630 85.1471
12632 85.1471
12634 85.1471
12636 85.1471
12638 85.1471
12640 85.1471
12642 85.1471
12644 85.1471
12646 85.1471
12648 85.1471
12650 85.1471
12652 85.1471
12654 85.1471
12656 85.1471
12658 85.1471
12660 85.1471
12662 85.1471
12664 85.1471
12666 85.1471
12668 85.1471
12670 85.1471
12672 85.1471
12674 85.1471
12676 85.1471
12678 85.1471
12680 85.1471
12682 85.1471
12684 85.1471
12686 85.1471
12688 85.1471
12690 85.1471
12692 85.1471
12694 85.1471
12696 85.1471
12698 85.1471
12700 85.1471
12702 85.1471
12704 85.1471
12706 85.1471
12708 85.1471
12710 85.1471
12712 85.1471
12714 85.1471
12716 85.1471
12718 85.1471
12720 85.1471
12722 85.1471
12724 85.1471
12726 85.1471
12728 85.1471
12730 85.1471
12732 85.1471
12734 85.1471
12736 85.1471
12738 85.1471
12740 85.1471
12742 85.1471
12744 85.1471
12746 85.1471
12748 85.1471
12750 85.1471
12752 85.1471
12754 85.1471
12756 85.1471
12758 85.1471
12760 85.1471
12762 85.1471
12764 85.1471
12766 85.1471
12768 85.1471
12770 85.1471
12772 85.1471
12774 85.1471
12776 85.1471
12778 85.1471
12780 85.1471
12782 85.1471
12784 85.1471
12786 85.1471
12788 85.1471
12790 85.1471
12792 85.1471
12794 85.1471
12796 85.1471
12798 85.1471
12800 85.1471
12802 85.1471
12804 85.1471
12806 85.1471
12808 85.1471
12810 85.1471
12812 85.1471
12814 85.1471
12816 85.1471
12818 85.8613
12820 85.8613
12822 85.8613
12824 85.8613
12826 85.8613
12828 85.8613
12830 85.8613
12832 85.8613
12834 85.8613
12836 85.8613
12838 85.8613
12840 85.8613
12842 85.8613
12844 85.8613
12846 85.8613
12848 85.8613
12850 85.8613
12852 85.8613
12854 85.8613
12856 85.8613
12858 85.8613
12860 85.8613
12862 85.8613
12864 85.8613
12866 85.8613
12868 85.8613
12870 85.8613
12872 85.8613
12874 85.8613
12876 85.8613
12878 85.8613
12880 85.8613
12882 85.8613
12884 85.8613
12886 85.8613
12888 85.8613
12890 85.8613
12892 85.8613
12894 85.8613
12896 85.8613
12898 85.8613
12900 85.8613
12902 85.8613
12904 85.8613
12906 85.8613
12908 85.8613
12910 85.8613
12912 85.8613
12914 85.8613
12916 85.8613
12918 85.8613
12920 85.8613
12922 85.8613
12924 85.8613
12926 85.8613
12928 85.8613
12930 85.8613
12932 85.8613
12934 85.8613
12936 85.8613
12938 85.8613
12940 85.8613
12942 85.8613
12944 85.8613
12946 85.8613
12948 85.8613
12950 85.8613
12952 85.8613
12954 85.8613
12956 85.8613
12958 85.8613
12960 85.8613
12962 85.8613
12964 85.8613
12966 85.8613
12968 85.8613
12970 85.8613
12972 85.8613
12974 85.8613
12976 85.8613
12978 85.8613
12980 85.8613
12982 85.8613
12984 85.8613
12986 85.8613
12988 85.8613
12990 85.8613
12992 85.8613
12994 85.8613
12996 85.8613
12998 85.8613
13000 85.8613
13002 85.8613
13004 85.8613
13006 85.8613
13008 85.8613
13010 85.8613
13012 85.8613
13014 85.8613
13016 85.8613
13018 85.8613
13020 85.8613
13022 85.8613
13024 85.8613
13026 85.8613
13028 85.8613
13030 85.8613
13032 85.8613
13034 85.8613
13036 85.8613
13038 85.8613
13040 85.8613
13042 85.8613
13044 85.8613
13046 85.8613
13048 85.8613
13050 85.8613
13052 85.8613
13054 85.8613
13056 85.8613
13058 85.8613
13060 85.8613
13062 85.8613
13064 85.8613
13066 85.8613
13068 85.8613
13070 85.8613
13072 85.8613
13074 85.8613
13076 85.8613
13078 85.8613
13080 85.8613
13082 85.8613
13084 85.8613
13086 85.8613
13088 85.8613
13090 85.8613
13092 85.8613
13094 85.8613
13096 85.8613
13098 85.8613
13100 85.8613
13102 85.8613
13104 85.8613
13106 85.8613
13108 85.8613
13110 85.8613
13112 85.8613
13114 85.8613
13116 85.8613
13118 85.8613
13120 85.8613
13122 85.8613
13124 85.8613
13126 85.8613
13128 85.8613
13130 85.8613
13132 85.8613
13134 85.8613
13136 85.8613
13138 85.8613
13140 85.8613
13142 85.8613
13144 85.8613
13146 85.8613
13148 85.8613
13150 85.8613
13152 85.8613
13154 85.8613
13156 85.8613
13158 85.8613
13160 85.8613
13162 85.8613
13164 85.8613
13166 85.8613
13168 85.8613
13170 85.8613
13172 85.8613
13174 85.8613
13176 85.8613
13178 85.8613
13180 85.8613
13182 85.8613
13184 85.8613
13186 85.8613
13188 85.8613
13190 85.8613
13192 85.8613
13194 85.8613
13196 85.8613
13198 85.8613
13200 85.8613
13202 85.8613
13204 85.8613
13206 85.8613
13208 85.8613
13210 85.8613
13212 85.8613
13214 85.8613
13216 85.8613
13218 85.8613
13220 85.8613
13222 85.8613
13224 85.8613
13226 85.8613
13228 85.8613
13230 85.8613
13232 85.8613
13234 85.8613
13236 85.8613
13238 85.9979
13240 85.9979
13242 85.9979
13244 85.9979
13246 85.9979
13248 85.9979
13250 85.9979
13252 85.9979
13254 85.9979
13256 85.9979
13258 85.9979
13260 85.9979
13262 85.9979
13264 86.1765
13266 86.1765
13268 86.1765
13270 86.1765
13272 86.1765
13274 86.1765
13276 86.1765
13278 86.1765
13280 86.1765
13282 86.1765
13284 86.1765
13286 86.1765
13288 86.1765
13290 86.1765
13292 86.1765
13294 86.1765
13296 86.1765
13298 86.1765
13300 86.1765
13302 86.1765
13304 86.1765
13306 86.1765
13308 86.1765
13310 86.1765
13312 86.1765
13314 86.1765
13316 86.1765
13318 86.1765
13320 86.1765
13322 86.1765
13324 86.1765
13326 86.1765
13328 86.1765
13330 86.1765
13332 86.1765
13334 86.1765
13336 86.1765
13338 86.1765
13340 86.1765
13342 86.1765
13344 86.1765
13346 86.1765
13348 86.1765
13350 86.1765
13352 86.1765
13354 86.1765
13356 86.1765
13358 86.1765
13360 86.1765
13362 86.1765
13364 86.1765
13366 86.1765
13368 86.1765
13370 86.1765
13372 86.1765
13374 86.1765
13376 86.1765
13378 86.1765
13380 86.1765
13382 86.1765
13384 86.1765
13386 86.1765
13388 86.1765
13390 86.1765
13392 86.1765
13394 86.1765
13396 86.1765
13398 86.1765
13400 86.1765
13402 86.1765
13404 86.1765
13406 86.1765
13408 86.1765
13410 86.1765
13412 86.1765
13414 86.1765
13416 86.1765
13418 86.1765
13420 86.1765
13422 86.1765
13424 86.1765
13426 86.1765
13428 86.1765
13430 86.1765
13432 86.1765
13434 86.1765
13436 86.1765
13438 86.1765
13440 86.1765
13442 86.1765
13444 86.1765
13446 86.1765
13448 86.1765
13450 86.1765
13452 86.1765
13454 86.1765
13456 86.1765
13458 86.1765
13460 86.1765
13462 86.1765
13464 86.1765
13466 86.1765
13468 86.1765
13470 86.1765
13472 86.1765
13474 86.1765
13476 86.1765
13478 86.1765
13480 86.1765
13482 86.1765
13484 86.1765
13486 86.1765
13488 86.1765
13490 86.1765
13492 86.1765
13494 86.1765
13496 86.1765
13498 86.1765
13500 86.1765
13502 86.1765
13504 86.1765
13506 86.1765
13508 86.1765
13510 86.1765
13512 86.1765
13514 86.1765
13516 86.1765
13518 86.1765
13520 86.1765
13522 86.1765
13524 86.1765
13526 86.1765
13528 86.1765
13530 86.1765
13532 86.1765
13534 86.1765
13536 86.1765
13538 86.1765
13540 86.1765
13542 86.1765
13544 86.1765
13546 86.1765
13548 86.1765
13550 86.1765
13552 86.1765
13554 86.1765
13556 86.1765
13558 86.1765
13560 86.1765
13562 86.1765
13564 86.1765
13566 86.1765
13568 86.1765
13570 86.1765
13572 86.1765
13574 86.1765
13576 86.1765
13578 86.1765
13580 86.1765
13582 86.1765
13584 86.1765
13586 86.1765
13588 86.1765
13590 86.1765
13592 86.1765
13594 86.1765
13596 86.1765
13598 86.1765
13600 86.1765
13602 86.1765
13604 86.1765
13606 86.1765
13608 86.1765
13610 86.1765
13612 86.1765
13614 86.1765
13616 86.1765
13618 86.1765
13620 86.1765
13622 86.1765
13624 86.1765
13626 86.1765
13628 86.1765
13630 86.1765
13632 86.1765
13634 86.1765
13636 86.1765
13638 86.1765
13640 86.1765
13642 86.1765
13644 86.1765
13646 86.1765
13648 86.1765
13650 86.1765
13652 86.1765
13654 86.1765
13656 86.1765
13658 86.1765
13660 86.1765
13662 86.1765
13664 86.1765
13666 86.1765
13668 86.1765
13670 86.1765
13672 86.1765
13674 86.1765
13676 86.1765
13678 86.1765
13680 86.1765
13682 86.1765
13684 86.1765
13686 86.1765
13688 86.1765
13690 86.1765
13692 86.1765
13694 86.1765
13696 86.1765
13698 86.1765
13700 86.1765
13702 86.1765
13704 86.1765
13706 86.1765
13708 86.1765
13710 86.1765
13712 86.1765
13714 86.1765
13716 86.1765
13718 86.1765
13720 86.1765
13722 86.1765
13724 86.1765
13726 86.1765
13728 86.1765
13730 86.1765
13732 86.1765
13734 86.1765
13736 86.1765
13738 86.1765
13740 86.1765
13742 86.1765
13744 86.1765
13746 86.1765
13748 86.1765
13750 86.1765
13752 86.1765
13754 86.1765
13756 86.1765
13758 86.1765
13760 86.1765
13762 86.1765
13764 86.1765
13766 86.1765
13768 86.1765
13770 86.1765
13772 86.1765
13774 86.1765
13776 86.1765
13778 86.1765
13780 86.1765
13782 86.1765
13784 86.1765
13786 86.1765
13788 86.1765
13790 86.1765
13792 86.1765
13794 86.1765
13796 86.1765
13798 86.1765
13800 86.1765
13802 86.1765
13804 86.1765
13806 86.1765
13808 86.1765
13810 86.1765
13812 86.1765
13814 86.1765
13816 86.1765
13818 86.1765
13820 86.1765
13822 86.1765
13824 86.1765
13826 86.1765
13828 86.1765
13830 86.1765
13832 86.1765
13834 86.1765
13836 86.1765
13838 86.1765
13840 86.1765
13842 86.1765
13844 86.1765
13846 86.1765
13848 86.1765
13850 86.1765
13852 86.1765
13854 86.1765
13856 86.1765
13858 86.1765
13860 86.1765
13862 86.1765
13864 86.1765
13866 86.1765
13868 86.1765
13870 86.1765
13872 86.1765
13874 86.1765
13876 86.1765
13878 86.1765
13880 86.1765
13882 86.1765
13884 86.1765
13886 86.1765
13888 86.1765
13890 86.1765
13892 86.1765
13894 86.1765
13896 86.1765
13898 86.1765
13900 86.1765
13902 86.1765
13904 86.1765
13906 86.1765
13908 86.1765
13910 86.1765
13912 86.1765
13914 86.1765
13916 86.1765
13918 86.1765
13920 86.1765
13922 86.1765
13924 86.1765
13926 86.1765
13928 86.1765
13930 86.1765
13932 86.1765
13934 86.1765
13936 86.1765
13938 86.1765
13940 86.1765
13942 86.1765
13944 86.1765
13946 86.1765
13948 86.1765
13950 86.1765
13952 86.1765
13954 86.1765
13956 86.1765
13958 86.1765
13960 86.1765
13962 86.1765
13964 86.1765
13966 86.1765
13968 86.1765
13970 86.1765
13972 86.1765
13974 86.1765
13976 86.1765
13978 86.1765
13980 86.1765
13982 86.1765
13984 86.1765
13986 86.1765
13988 86.1765
13990 86.1765
13992 86.1765
13994 86.1765
13996 86.1765
13998 86.1765
14000 86.1765
14002 86.1765
14004 86.1765
14006 86.1765
14008 86.1765
14010 86.1765
14012 86.1765
14014 86.1765
14016 86.1765
14018 86.1765
14020 86.1765
14022 86.1765
14024 86.1765
14026 86.1765
14028 86.1765
14030 86.1765
14032 86.1765
14034 86.1765
14036 86.1765
14038 86.1765
14040 86.1765
14042 86.1765
14044 86.1765
14046 86.1765
14048 86.1765
14050 86.1765
14052 86.1765
14054 86.1765
14056 86.1765
14058 86.1765
14060 86.1765
14062 86.1765
14064 86.1765
14066 86.1765
14068 86.1765
14070 86.1765
14072 86.1765
14074 86.1765
14076 86.1765
14078 86.1765
14080 86.1765
14082 86.1765
14084 86.1765
14086 86.1765
14088 86.1765
14090 86.1765
14092 86.1765
14094 86.1765
14096 86.1765
14098 86.1765
14100 86.1765
14102 86.1765
14104 86.1765
14106 86.1765
14108 86.1765
14110 86.1765
14112 86.1765
14114 86.1765
14116 86.1765
14118 86.1765
14120 86.1765
14122 86.1765
14124 86.1765
14126 86.1765
14128 86.1765
14130 86.1765
14132 86.1765
14134 86.1765
14136 86.1765
14138 86.1765
14140 86.1765
14142 86.1765
14144 86.1765
14146 86.1765
14148 86.1765
14150 86.1765
14152 86.1765
14154 86.1765
14156 86.1765
14158 86.1765
14160 86.1765
14162 86.1765
14164 86.1765
14166 86.1765
14168 86.1765
14170 86.1765
14172 86.1765
14174 86.1765
14176 86.1765
14178 86.1765
14180 86.1765
14182 86.1765
14184 86.1765
14186 86.1765
14188 86.1765
14190 86.1765
14192 86.1765
14194 86.1765
14196 86.1765
14198 86.1765
14200 86.1765
14202 86.1765
14204 86.1765
14206 86.1765
14208 86.1765
14210 86.1765
14212 86.1765
14214 86.1765
14216 86.1765
14218 86.1765
14220 86.1765
14222 86.1765
14224 86.1765
14226 86.1765
14228 86.1765
14230 86.1765
14232 86.1765
14234 86.1765
14236 86.1765
14238 86.1765
14240 86.1765
14242 86.1765
14244 86.1765
14246 86.1765
14248 86.1765
14250 86.1765
14252 86.1765
14254 86.1765
14256 86.1765
14258 86.1765
14260 86.1765
14262 86.1765
14264 86.1765
14266 86.1765
14268 86.1765
14270 86.1765
14272 86.1765
14274 86.1765
14276 86.1765
14278 86.1765
14280 86.1765
14282 86.1765
14284 86.1765
14286 86.1765
14288 86.1765
14290 86.1765
14292 86.1765
14294 86.1765
14296 86.1765
14298 86.1765
14300 86.1765
14302 86.1765
14304 86.1765
14306 86.1765
14308 86.1765
14310 86.1765
14312 86.1765
14314 86.1765
14316 86.1765
14318 86.1765
14320 86.1765
14322 86.1765
14324 86.1765
14326 86.1765
14328 86.1765
14330 86.1765
14332 86.1765
14334 86.1765
14336 86.1765
14338 86.1765
14340 86.1765
14342 86.1765
14344 86.1765
14346 86.1765
14348 86.1765
14350 86.1765
14352 86.1765
14354 86.1765
14356 86.1765
14358 86.1765
14360 86.1765
14362 86.1765
14364 86.1765
14366 86.1765
14368 86.1765
14370 86.1765
14372 86.1765
14374 86.1765
14376 86.1765
14378 86.1765
14380 86.1765
14382 86.1765
14384 86.1765
14386 86.1765
14388 86.1765
14390 86.1765
14392 86.1765
14394 86.1765
14396 86.1765
14398 86.1765
14400 86.1765
14402 86.1765
14404 86.1765
14406 86.1765
14408 86.1765
14410 86.1765
14412 86.1765
14414 86.1765
14416 86.1765
14418 86.1765
14420 86.1765
14422 86.1765
14424 86.1765
14426 86.1765
14428 86.1765
14430 86.1765
14432 86.1765
14434 86.1765
14436 86.1765
14438 86.1765
14440 86.1765
14442 86.1765
14444 86.1765
14446 86.1765
14448 86.1765
14450 86.1765
14452 86.1765
14454 86.1765
14456 86.1765
14458 86.1765
14460 86.1765
14462 86.1765
14464 86.1765
14466 86.1765
14468 86.1765
14470 86.1765
14472 86.1765
14474 86.1765
14476 86.1765
14478 86.1765
14480 86.1765
14482 86.1765
14484 86.1765
14486 86.1765
14488 86.1765
14490 86.1765
14492 86.1765
14494 86.1765
14496 86.1765
14498 86.1765
14500 86.1765
14502 86.1765
14504 86.1765
14506 86.1765
14508 86.1765
14510 86.1765
14512 86.1765
14514 86.1765
14516 86.1765
14518 86.1765
14520 86.1765
14522 86.1765
14524 86.1765
14526 86.1765
14528 86.1765
14530 86.1765
14532 86.1765
14534 86.1765
14536 86.1765
14538 86.1765
14540 86.1765
14542 86.1765
14544 86.1765
14546 86.1765
14548 86.1765
14550 86.1765
14552 86.1765
14554 86.1765
14556 86.1765
14558 86.1765
14560 86.1765
14562 86.1765
14564 86.1765
14566 86.1765
14568 86.1765
14570 86.1765
14572 86.1765
14574 86.1765
14576 86.1765
14578 86.1765
14580 86.1765
14582 86.1765
14584 86.1765
14586 86.1765
14588 86.1765
14590 86.1765
14592 86.1765
14594 86.1765
14596 86.1765
14598 86.1765
14600 86.1765
14602 86.1765
14604 86.1765
14606 86.1765
14608 86.1765
14610 86.1765
14612 86.1765
14614 86.1765
14616 86.1765
14618 86.1765
14620 86.1765
14622 86.1765
14624 86.1765
14626 86.1765
14628 86.1765
14630 86.1765
14632 86.1765
14634 86.1765
14636 86.1765
14638 86.1765
14640 86.1765
14642 86.1765
14644 86.1765
14646 86.1765
14648 86.1765
14650 86.1765
14652 86.1765
14654 86.1765
14656 86.1765
14658 86.1765
14660 86.1765
14662 86.1765
14664 86.1765
14666 86.1765
14668 86.1765
14670 86.1765
14672 86.1765
14674 86.1765
14676 86.1765
14678 86.1765
14680 86.1765
14682 86.1765
14684 86.1765
14686 86.1765
14688 86.1765
14690 86.1765
14692 86.1765
14694 86.1765
14696 86.1765
14698 86.1765
14700 86.1765
14702 86.1765
14704 86.1765
14706 86.1765
14708 86.1765
14710 86.1765
14712 86.1765
14714 86.1765
14716 86.1765
14718 86.1765
14720 86.1765
14722 86.1765
14724 86.1765
14726 86.1765
14728 86.1765
14730 86.1765
14732 86.1765
14734 86.1765
14736 86.1765
14738 86.1765
14740 86.1765
14742 86.1765
14744 86.1765
14746 86.1765
14748 86.1765
14750 86.1765
14752 86.1765
14754 86.1765
14756 86.1765
14758 86.1765
14760 86.1765
14762 86.1765
14764 86.1765
14766 86.1765
14768 86.1765
14770 86.1765
14772 86.1765
14774 86.1765
14776 86.1765
14778 86.1765
14780 86.1765
14782 86.1765
14784 86.1765
14786 86.1765
14788 86.1765
14790 86.1765
14792 86.1765
14794 86.1765
14796 86.1765
14798 86.1765
14800 86.1765
14802 86.1765
14804 86.1765
14806 86.1765
14808 86.1765
14810 86.1765
14812 86.1765
14814 86.1765
14816 86.1765
14818 86.1765
14820 86.1765
14822 86.1765
14824 86.1765
14826 86.1765
14828 86.1765
14830 86.1765
14832 86.1765
14834 86.1765
14836 86.1765
14838 86.1765
14840 86.1765
14842 86.1765
14844 86.1765
14846 86.1765
14848 86.1765
14850 86.1765
14852 86.1765
14854 86.1765
14856 86.1765
14858 86.1765
14860 86.1765
14862 86.1765
14864 86.1765
14866 86.1765
14868 86.1765
14870 86.1765
14872 86.1765
14874 86.1765
14876 86.1765
14878 86.1765
14880 86.1765
14882 86.1765
14884 86.1765
14886 86.1765
14888 86.1765
14890 86.1765
14892 86.1765
14894 86.1765
14896 86.1765
14898 86.1765
14900 86.1765
14902 86.1765
14904 86.1765
14906 86.1765
14908 86.1765
14910 86.1765
14912 86.1765
14914 86.1765
14916 86.1765
14918 86.1765
14920 86.1765
14922 86.1765
14924 86.1765
14926 86.1765
14928 86.1765
14930 86.1765
14932 86.1765
14934 86.1765
14936 86.1765
14938 86.1765
14940 86.1765
14942 86.1765
14944 86.1765
14946 86.1765
14948 86.1765
14950 86.1765
14952 86.1765
14954 86.1765
14956 86.1765
14958 86.1765
14960 86.1765
14962 86.1765
14964 86.1765
14966 86.1765
14968 86.1765
14970 86.1765
14972 86.1765
14974 86.1765
14976 86.1765
14978 86.1765
14980 86.1765
14982 86.1765
14984 86.1765
14986 86.1765
14988 86.1765
14990 86.1765
14992 86.1765
14994 86.1765
14996 86.1765
14998 86.1765
15000 86.1765
