51 62.1113
72 62.1113
92 62.1113
113 62.1113
133 62.1113
153 62.1113
173 62.1113
194 62.1113
214 62.1113
235 62.1113
255 62.1113
275 62.1113
295 62.1113
315 62.1113
335 62.1113
356 62.1113
376 62.1113
396 62.1113
416 62.1113
437 62.1113
457 62.1113
477 62.1113
497 62.1113
517 62.1113
537 62.1113
557 62.1113
577 62.1113
597 62.1113
617 62.1113
638 62.1113
659 62.1113
679 62.1113
699 62.1113
719 62.1113
740 62.1113
760 62.1113
780 62.1113
801 62.1113
821 62.6471
841 62.6471
861 62.6471
882 62.6471
902 62.6471
923 62.6471
943 62.6471
963 62.6471
984 62.6471
1004 62.6471
1025 62.6471
1045 62.6471
1065 62.6471
1085 62.6471
1105 62.6471
1125 62.6471
1146 62.6471
1166 62.6471
1186 62.6471
1207 62.6471
1227 62.6471
1247 62.6471
1267 62.6471
1288 62.6471
1309 62.6471
1330 62.6471
1351 62.6471
1372 62.6471
1392 62.6471
1412 63.7605
1432 63.7605
1452 63.7605
1472 63.7605
1492 63.7605
1513 63.7605
1534 63.7605
1555 63.7605
1575 63.7605
1596 63.7605
1616 65.4097
1636 65.4097
1657 65.4097
1677 65.4097
1697 65.5882
1717 65.5882
1737 65.5882
1758 65.5882
1778 65.5882
1798 65.5882
1818 67.0588
1838 67.0588
1858 67.0588
1878 67.0588
1899 67.0588
1919 67.0588
1939 67.0588
1959 67.0588
1979 67.2374
2000 67.2374
2020 67.2374
2041 67.2374
2061 67.2374
2081 68.8866
2101 68.8866
2122 68.8866
2142 68.8866
2162 68.8866
2182 68.8866
2203 68.8866
2224 68.8866
2244 68.8866
2265 68.8866
2286 68.8866
2306 68.8866
2326 68.8866
2347 68.8866
2367 68.8866
2388 69.0651
2409 69.0651
2430 69.0651
2451 69.0651
2472 69.0651
2492 69.0651
2513 69.0651
2533 70.3571
2553 70.3571
2574 70.3571
2594 70.3571
2614 70.3571
2635 72.0063
2655 72.0063
2675 72.0063
2695 72.0063
2715 72.0063
2735 72.0063
2755 72.0063
2776 73.2983
2797 73.2983
2817 73.2983
2837 73.2983
2857 73.2983
2878 73.2983
2899 73.2983
2919 73.2983
2940 73.2983
2960 73.2983
2980 73.2983
3000 73.2983
3020 73.2983
3041 73.2983
3061 73.2983
3081 73.2983
3101 73.2983
3121 73.2983
3141 73.2983
3161 73.2983
3181 73.2983
3201 73.2983
3221 73.2983
3241 73.2983
3261 73.2983
3281 73.2983
3301 73.2983
3322 73.2983
3342 73.2983
3363 73.2983
3384 73.2983
3405 74.9475
3426 74.9475
3447 74.9475
3468 74.9475
3488 74.9475
3508 74.9475
3528 74.9475
3549 74.9475
3570 74.9475
3590 74.9475
3611 74.9475
3632 74.9475
3653 74.9475
3673 76.5966
3693 76.5966
3714 76.5966
3735 76.5966
3756 76.5966
3777 76.5966
3797 76.5966
3818 76.5966
3838 76.5966
3858 76.5966
3878 76.5966
3899 76.5966
3920 76.5966
3940 76.5966
3960 76.5966
3980 76.5966
4000 76.5966
4020 76.5966
4040 78.2458
4060 78.2458
4080 78.2458
4101 78.6029
4121 78.6029
4141 78.6029
4162 78.6029
4183 78.6029
4203 78.6029
4223 78.6029
4243 78.6029
4263 78.6029
4284 78.6029
4304 78.6029
4324 78.6029
4344 78.6029
4364 78.6029
4385 78.6029
4405 78.7815
4425 78.7815
4445 78.7815
4465 78.7815
4485 78.7815
4505 78.7815
4526 80.0735
4546 80.0735
4567 80.0735
4588 80.0735
4608 80.0735
4629 80.0735
4649 80.0735
4669 80.0735
4690 80.0735
4710 80.0735
4730 80.0735
4750 80.0735
4770 80.0735
4790 80.0735
4810 80.0735
4830 80.0735
4850 80.0735
4871 80.0735
4892 80.0735
4913 80.0735
4933 80.0735
4954 80.0735
4974 80.0735
4994 80.0735
5014 80.0735
5034 80.0735
5054 80.0735
5074 80.0735
5095 80.0735
5115 80.0735
5136 80.0735
5157 80.0735
5178 80.0735
5198 80.0735
5218 80.0735
5238 80.0735
5258 80.0735
5278 80.0735
5298 80.0735
5319 81.187
5339 81.187
5360 81.187
5380 81.187
5400 81.187
5420 81.187
5441 81.187
5462 81.3655
5482 81.3655
5502 81.3655
5523 81.3655
5543 81.3655
5563 81.3655
5583 81.3655
5603 81.3655
5624 81.3655
5644 81.3655
5665 81.3655
5685 81.3655
5705 81.3655
5725 81.3655
5745 81.3655
5766 81.5861
5787 81.5861
5807 81.5861
5828 81.5861
5848 81.5861
5868 81.5861
5889 81.5861
5909 81.5861
5930 81.5861
5951 81.5861
5972 81.5861
5993 81.5861
6013 81.5861
6034 81.5861
6055 81.5861
6075 81.5861
6095 81.5861
6116 81.5861
6137 81.5861
6157 81.5861
6177 81.5861
6197 81.5861
6217 81.5861
6237 81.5861
6258 81.5861
6278 81.5861
6299 81.5861
6319 81.5861
6339 81.5861
6359 81.5861
6379 81.5861
6399 81.5861
6419 81.5861
6439 81.5861
6459 81.5861
6479 81.5861
6499 81.5861
6520 81.5861
6540 81.5861
6560 81.5861
6580 81.5861
6601 81.5861
6621 81.5861
6642 81.5861
6663 81.7647
6683 81.7647
6703 81.7647
6724 81.7647
6745 81.7647
6765 81.7647
6785 81.7647
6806 81.7647
6826 81.7647
6847 81.7647
6867 81.7647
6888 81.7647
6908 81.7647
6929 81.7647
6949 81.7647
6969 81.7647
6990 81.7647
7010 81.7647
7030 81.7647
7050 81.7647
7070 81.7647
7091 81.7647
7111 81.7647
7131 81.7647
7152 81.7647
7172 81.7647
7192 81.7647
7212 81.7647
7232 81.7647
7253 81.7647
7274 81.7647
7294 82.8782
7315 82.8782
7336 82.8782
7356 82.8782
7376 82.8782
7397 82.8782
7418 82.8782
7438 82.8782
7458 82.8782
7479 82.8782
7500 82.8782
7521 82.8782
7541 82.8782
7561 82.8782
7581 82.8782
7602 82.8782
7622 82.8782
7642 82.8782
7663 82.8782
7684 82.8782
7705 82.8782
7726 82.8782
7746 82.8782
7766 82.8782
7787 82.8782
7807 82.8782
7827 82.8782
7847 82.8782
7868 82.8782
7889 82.8782
7909 82.8782
7929 82.8782
7949 82.8782
7969 82.8782
7989 82.8782
8009 82.8782
8029 82.8782
8049 82.8782
8069 82.8782
8090 82.8782
8110 82.8782
8131 82.8782
8151 82.8782
8171 82.8782
8192 82.8782
8212 82.8782
8232 82.8782
8252 82.8782
8273 82.8782
8293 82.8782
8313 82.8782
8333 82.8782
8353 82.8782
8373 82.8782
8393 82.8782
8413 82.8782
8433 82.8782
8454 82.8782
8474 82.8782
8495 82.8782
8515 82.8782
8535 82.8782
8556 82.8782
8576 82.8782
8597 82.8782
8617 82.8782
8637 82.8782
8658 82.8782
8678 82.8782
8699 82.8782
8719 82.8782
8739 83.0567
8759 83.0567
8779 83.0567
8799 83.0567
8820 83.0567
8840 83.0567
8860 83.0567
8880 83.0567
8901 83.0567
8921 83.0567
8942 83.0567
8962 83.0567
8982 83.0567
9002 83.0567
9022 83.0567
9043 83.0567
9063 83.0567
9083 83.0567
9103 83.0567
9123 83.0567
9143 83.0567
9163 83.0567
9183 83.0567
9203 83.0567
9223 83.0567
9244 83.0567
9264 83.0567
9285 83.0567
9305 83.0567
9325 83.0567
9346 83.0567
9367 83.0567
9388 83.0567
9409 83.0567
9429 83.0567
9449 83.0567
9469 83.0567
9490 83.0567
9510 83.0567
9530 83.0567
9550 83.0567
9571 83.0567
9592 83.0567
9613 83.0567
9633 83.0567
9654 83.0567
9675 83.0567
9696 83.0567
9716 83.0567
9737 83.0567
9757 83.0567
9777 83.0567
9798 83.0567
9819 83.0567
9839 83.0567
9859 83.0567
9879 83.0567
9899 83.0567
9919 83.0567
9939 83.0567
9960 83.0567
9981 83.0567
10002 83.0567
10023 83.0567
10044 83.0567
10065 83.0567
10086 83.0567
10107 83.0567
10128 83.0567
10148 83.0567
10168 83.0567
10188 83.0567
10208 83.0567
10228 83.0567
10248 83.0567
10268 83.6345
10289 83.6345
10309 83.6345
10329 83.6345
10349 83.6345
10369 83.6345
10389 83.6345
10409 83.6345
10429 83.6345
10449 83.6345
10470 83.6345
10491 83.6345
10512 83.6345
10533 83.6345
10553 83.6345
10574 83.6345
10595 83.6345
10616 83.6345
10636 83.6345
10657 83.6345
10679 83.6345
10699 83.6345
10720 83.6345
10741 83.6345
10761 83.6345
10781 83.6345
10801 83.6345
10821 83.6345
10841 83.6345
10861 83.6345
10881 83.6345
10901 83.6345
10921 83.6345
10941 83.6345
10962 83.6345
10983 83.6345
11003 83.6345
11023 83.6345
11044 83.6345
11064 83.6345
11085 83.6345
11105 83.6345
11126 83.6345
11147 83.6345
11167 83.6345
11188 83.6345
11209 83.6345
11229 83.6345
11249 83.6345
11270 83.6345
11291 83.6345
11311 83.6345
11331 83.6345
11352 83.6345
11372 83.6345
11392 83.6345
11413 83.6345
11434 83.6345
11455 83.6345
11475 83.6345
11495 83.6345
11515 83.6345
11535 83.6345
11555 83.6345
11576 83.6345
11597 83.6345
11617 83.6345
11637 83.6345
11657 83.6345
11677 83.6345
11697 83.6345
11717 83.6345
11737 83.6345
11757 83.6345
11777 83.6345
11797 83.6345
11818 83.6345
11839 83.6345
11860 83.6345
11880 83.6345
11900 83.6345
11920 83.6345
11941 83.6345
11961 83.6345
11982 83.6345
12003 83.6345
12023 83.6345
12043 83.6345
12063 83.6345
12084 83.6345
12105 83.6345
12126 83.6345
12146 83.6345
12166 83.6345
12187 83.6345
12207 83.813
12228 83.813
12249 83.813
12270 83.813
12291 83.813
12311 83.813
12331 83.813
12352 83.813
12373 83.813
12393 83.813
12413 83.813
12433 83.813
12453 83.813
12473 83.813
12494 83.813
12514 83.813
12534 83.813
12555 83.813
12576 83.813
12596 83.813
12616 83.813
12637 83.813
12657 83.813
12677 83.813
12698 83.813
12718 83.813
12739 83.813
12760 83.813
12781 83.813
12801 83.813
12822 83.813
12842 83.813
12862 83.813
12882 83.813
12902 83.813
12922 83.813
12942 83.813
12963 83.813
12984 83.9916
13004 83.9916
13024 83.9916
13045 83.9916
13066 83.9916
13087 83.9916
13108 83.9916
13129 83.9916
13149 83.9916
13169 83.9916
13189 83.9916
13210 83.9916
13230 83.9916
13250 83.9916
13270 83.9916
13291 83.9916
13312 83.9916
13333 83.9916
13353 83.9916
13373 83.9916
13393 83.9916
13414 83.9916
13434 83.9916
13454 83.9916
13474 83.9916
13494 83.9916
13515 83.9916
13535 83.9916
13556 83.9916
13576 83.9916
13596 83.9916
13616 83.9916
13636 83.9916
13657 83.9916
13678 83.9916
13699 83.9916
13719 83.9916
13739 83.9916
13759 83.9916
13779 83.9916
13799 83.9916
13820 83.9916
13841 83.9916
13861 83.9916
13881 83.9916
13902 83.9916
13923 83.9916
13943 83.9916
13964 83.9916
13985 83.9916
14006 83.9916
14026 83.9916
14046 83.9916
14066 83.9916
14086 83.9916
14106 83.9916
14126 83.9916
14147 83.9916
14167 83.9916
14188 83.9916
14208 83.9916
14228 83.9916
14248 83.9916
14268 83.9916
14289 83.9916
14309 83.9916
14329 83.9916
14350 83.9916
14370 83.9916
14390 83.9916
14410 83.9916
14430 83.9916
14450 83.9916
14471 83.9916
14492 83.9916
14512 83.9916
14532 83.9916
14553 83.9916
14573 83.9916
14593 83.9916
14614 83.9916
14634 83.9916
14654 83.9916
14675 83.9916
14695 83.9916
14716 83.9916
14736 83.9916
14756 83.9916
14776 83.9916
14796 83.9916
14817 83.9916
14838 83.9916
14858 83.9916
14878 83.9916
14898 83.9916
14918 83.9916
14939 83.9916
14960 83.9916
14980 83.9916
15000 83.9916
