16 63.4034
22 63.4034
29 63.4034
36 63.4034
43 63.4034
49 63.4034
56 63.5819
63 63.5819
69 67.0588
143 76.2395
150 76.2395
156 76.2395
163 76.2395
169 76.2395
176 76.2395
182 76.2395
188 76.2395
195 76.2395
201 76.2395
275 79.7164
281 79.7164
287 79.7164
293 79.7164
299 79.7164
305 79.7164
311 79.7164
318 79.7164
325 79.7164
332 79.7164
406 82.3004
412 82.3004
418 82.3004
425 82.3004
431 82.3004
438 82.3004
444 82.3004
450 82.3004
457 82.479
463 82.479
537 85.063
544 85.063
551 85.063
558 85.063
564 85.063
570 85.063
576 85.063
583 85.063
590 85.063
597 85.063
671 85.063
678 85.063
684 85.063
690 85.063
697 85.063
704 85.063
711 85.063
717 85.063
724 85.063
730 85.063
805 86.8908
811 86.8908
818 86.8908
824 86.8908
830 86.8908
837 86.8908
843 86.8908
849 86.8908
856 86.8908
862 86.8908
936 88.1828
942 88.1828
948 88.1828
954 88.1828
960 88.1828
967 88.1828
973 88.1828
979 88.1828
986 88.1828
992 88.1828
1066 88.1828
1072 88.1828
1079 88.1828
1086 88.1828
1093 88.1828
1099 88.1828
1106 88.1828
1112 88.1828
1118 88.1828
1124 88.1828
1198 88.1828
1204 88.1828
1210 88.1828
1217 88.1828
1223 88.1828
1229 88.1828
1235 88.1828
1242 88.1828
1248 88.1828
1255 88.1828
1329 88.1828
1336 88.1828
1342 88.1828
1348 88.1828
1354 88.1828
1360 88.1828
1366 88.1828
1372 88.1828
1379 88.1828
1386 88.1828
1460 88.1828
1466 88.1828
1472 88.1828
1478 88.1828
1484 88.1828
1490 88.1828
1497 88.1828
1503 88.1828
1510 88.1828
1516 88.1828
1590 88.1828
1597 88.1828
1603 88.1828
1610 88.1828
1617 88.1828
1624 88.1828
1630 88.1828
1637 88.1828
1643 88.1828
1649 88.1828
1723 88.1828
1729 88.1828
1736 88.1828
1742 88.1828
1748 88.1828
1755 88.1828
1761 88.1828
1767 88.1828
1773 88.1828
1780 88.1828
1854 88.1828
1860 88.1828
1866 88.1828
1872 88.1828
1879 88.1828
1886 88.1828
1893 88.1828
1900 88.1828
1906 88.1828
1912 88.1828
1987 88.1828
1993 88.1828
2000 88.1828
2006 88.1828
2013 88.1828
2020 88.1828
2026 88.1828
2033 88.1828
2039 88.1828
2045 88.1828
2120 88.1828
2126 88.1828
2132 88.1828
2139 88.1828
2145 88.1828
2152 88.1828
2159 88.1828
2166 88.1828
2172 88.1828
2178 88.1828
2252 88.1828
2258 88.1828
2265 88.1828
2271 88.1828
2277 88.1828
2283 88.1828
2289 88.1828
2296 88.1828
2302 88.1828
2308 88.1828
2382 88.1828
2388 88.1828
2394 88.1828
2400 88.1828
2406 88.1828
2412 88.1828
2418 88.1828
2425 88.1828
2431 88.1828
2437 88.1828
2511 88.2248
2518 88.2248
2524 88.2248
2530 88.2248
2536 88.2248
2542 88.2248
2549 88.4034
2556 88.4034
2562 88.4034
2569 88.4034
2644 88.5819
2650 88.5819
2656 88.5819
2662 88.5819
2668 88.5819
2674 88.5819
2680 88.5819
2686 88.5819
2693 88.5819
2700 88.5819
2774 88.5819
2781 88.5819
2787 88.5819
2794 88.5819
2801 88.5819
2808 88.5819
2815 88.5819
2822 88.5819
2829 88.5819
2835 88.5819
2909 88.5819
2915 88.5819
2921 88.5819
2927 88.5819
2933 88.5819
2939 88.5819
2946 88.5819
2952 88.5819
2959 88.5819
2965 88.5819
3040 88.5819
3046 88.5819
3053 88.5819
3059 88.5819
3065 88.5819
3072 88.5819
3079 88.5819
3085 88.5819
3091 88.5819
3098 88.5819
3172 89.3382
3178 89.3382
3184 89.3382
3191 89.3382
3198 89.3382
3205 89.3382
3211 89.3382
3217 89.3382
3223 89.3382
3229 89.3382
3303 89.4748
3309 89.4748
3315 89.4748
3322 89.4748
3328 89.4748
3335 89.4748
3341 89.4748
3347 89.4748
3354 89.6534
3360 89.6534
3434 89.6534
3441 89.6534
3448 89.6534
3455 89.6534
3462 89.6534
3469 89.6534
3476 89.6534
3482 89.6534
3488 89.6534
3494 89.6534
3568 89.6534
3574 89.6534
3580 89.6534
3587 89.6534
3593 89.6534
3600 89.6534
3606 89.6534
3613 89.6534
3619 89.6534
3625 89.6534
3699 89.6534
3706 89.6534
3713 89.6534
3719 89.6534
3726 89.6534
3733 89.6534
3739 89.6534
3745 89.6534
3752 89.6534
3759 89.6534
3834 89.6534
3840 89.6534
3846 89.6534
3852 89.6534
3859 89.6534
3865 89.6534
3872 89.6534
3878 89.6534
3884 89.6534
3891 89.6534
3966 89.6534
3972 89.6534
3978 89.6534
3984 89.6534
3990 89.6534
3996 89.6534
4002 89.6534
4009 89.6534
4016 89.6534
4022 89.6534
4096 89.6534
4103 89.6534
4110 89.6534
4117 89.6534
4124 89.6534
4130 89.6534
4136 89.6534
4142 89.6534
4148 89.6534
4154 89.6534
4228 89.6534
4234 89.6534
4240 89.6534
4247 89.6534
4254 89.6534
4261 89.6534
4268 89.6534
4274 89.6534
4281 89.6534
4288 89.6534
4363 89.6534
4369 89.6534
4375 89.6534
4381 89.6534
4387 89.6534
4393 89.6534
4400 89.6534
4406 89.6534
4412 89.6534
4419 89.6534
4494 89.6534
4501 89.6534
4507 89.6534
4513 89.6534
4519 89.6534
4526 89.6534
4532 89.6534
4538 89.6534
4544 89.6534
4551 89.6534
4626 89.6534
4633 89.6534
4640 89.6534
4646 89.6534
4653 89.6534
4659 89.6534
4665 89.6534
4671 89.6534
4678 89.6534
4684 89.6534
4759 89.6534
4765 89.6534
4771 89.6534
4777 89.6534
4783 89.6534
4789 89.6534
4796 89.6534
4803 89.6534
4810 89.6534
4816 89.6534
4890 89.6534
4897 89.6534
4904 89.6534
4910 89.6534
4917 89.6534
4924 89.6534
4930 89.6534
4936 89.6534
4943 89.6534
4949 89.6534
5024 89.6534
5030 89.6534
5037 89.6534
5044 89.6534
5051 89.6534
5057 89.6534
5063 89.6534
5070 89.6534
5077 89.6534
5084 89.6534
5158 89.6534
5165 89.6534
5171 89.6534
5178 89.6534
5185 89.6534
5192 89.6534
5199 89.6534
5206 89.6534
5212 89.6534
5219 89.6534
5293 89.6534
5299 89.6534
5305 89.6534
5312 89.6534
5319 89.6534
5326 89.6534
5332 89.6534
5339 89.6534
5346 89.6534
5352 89.6534
5427 89.6534
5433 89.6534
5439 89.6534
5445 89.6534
5451 89.6534
5458 89.6534
5464 89.6534
5471 89.6534
5478 89.6534
5485 89.6534
5560 89.8319
5566 89.8319
5572 89.8319
5579 89.8319
5585 89.8319
5591 89.8319
5597 89.8319
5603 89.8319
5609 89.8319
5615 89.8319
5689 89.8319
5696 89.8319
5702 89.8319
5709 89.8319
5716 89.8319
5722 89.8319
5729 89.8319
5736 89.8319
5742 89.8319
5749 89.8319
5823 89.8319
5829 89.8319
5836 89.8319
5843 89.8319
5849 89.8319
5855 89.8319
5862 89.8319
5869 89.8319
5875 89.8319
5881 89.8319
5955 89.8319
5961 89.8319
5968 89.8319
5975 89.8319
5982 89.8319
5988 89.8319
5994 89.8319
6000 89.8319
6007 89.8319
6013 89.8319
6087 89.8319
6094 89.8319
6101 89.8319
6107 89.8319
6114 89.8319
6120 89.8319
6126 89.8319
6133 89.8319
6139 89.8319
6145 89.8319
6219 89.8319
6225 89.8319
6231 89.8319
6238 89.8319
6245 89.8319
6251 89.8319
6257 89.8319
6263 89.8319
6269 89.8319
6275 89.8319
6349 89.8319
6355 89.8319
6361 89.8319
6367 89.8319
6374 89.8319
6381 89.8319
6387 89.8319
6393 89.8319
6400 89.8319
6406 89.8319
6481 89.8319
6488 89.8319
6495 89.8319
6502 89.8319
6508 89.8319
6515 89.8319
6521 89.8319
6527 89.8319
6534 89.8319
6540 89.8319
6614 89.8319
6620 89.8319
6627 89.8319
6633 89.8319
6639 89.8319
6645 89.8319
6652 89.8319
6659 89.8319
6665 89.8319
6671 89.8319
6745 89.8319
6751 89.8319
6758 89.8319
6764 89.8319
6771 89.8319
6778 89.8319
6785 89.8319
6792 89.8319
6799 89.8319
6805 89.8319
6880 89.8319
6886 89.8319
6892 89.8319
6899 89.8319
6905 89.8319
6911 89.8319
6917 89.8319
6923 89.8319
6930 89.8319
6936 89.8319
7010 89.8319
7017 89.8319
7023 89.8319
7030 89.8319
7037 89.8319
7044 89.8319
7050 89.8319
7056 89.8319
7063 89.8319
7069 89.8319
7144 89.8319
7150 89.8319
7156 89.8319
7162 89.8319
7169 89.8319
7176 89.8319
7182 89.8319
7189 89.8319
7195 89.8319
7202 89.8319
7276 89.8319
7282 89.8319
7289 89.8319
7295 89.8319
7302 89.8319
7309 89.8319
7315 89.8319
7321 89.8319
7327 89.8319
7334 89.8319
7408 89.8319
7415 89.8319
7421 89.8319
7427 89.8319
7433 89.8319
7439 89.8319
7446 89.8319
7453 89.8319
7459 89.8319
7466 89.8319
7540 89.8319
7546 89.8319
7553 89.8319
7560 89.8319
7566 89.8319
7573 89.8319
7580 89.8319
7586 89.8319
7593 89.8319
7600 89.8319
7674 89.8319
7680 89.8319
7686 89.8319
7693 89.8319
7699 89.8319
7705 89.8319
7711 89.8319
7717 89.8319
7723 89.8319
7730 89.8319
7804 89.8319
7810 89.8319
7816 89.8319
7823 89.8319
7829 89.8319
7836 89.8319
7842 89.8319
7848 89.8319
7854 89.8319
7860 89.8319
7934 89.8319
7940 89.8319
7947 89.8319
7953 89.8319
7959 89.8319
7965 89.8319
7971 89.8319
7977 89.8319
7983 89.8319
7989 89.8319
8063 89.8319
8070 89.8319
8076 89.8319
8082 89.8319
8089 89.8319
8095 89.8319
8101 89.8319
8107 89.8319
8113 89.8319
8119 89.8319
8193 89.8319
8199 89.8319
8206 89.8319
8212 89.8319
8218 89.8319
8224 89.8319
8231 89.8319
8237 89.8319
8244 89.8319
8250 89.8319
8325 89.8319
8332 89.8319
8338 89.8319
8344 89.8319
8350 89.8319
8357 89.8319
8363 89.8319
8369 89.8319
8375 89.8319
8381 89.8319
8456 89.8319
8462 89.8319
8468 89.8319
8474 89.8319
8480 89.8319
8486 89.8319
8493 89.8319
8500 89.8319
8507 89.8319
8513 89.8319
8587 89.8319
8593 89.8319
8599 89.8319
8605 89.8319
8612 89.8319
8619 89.8319
8625 89.8319
8631 89.8319
8638 89.8319
8645 89.8319
8720 89.8319
8726 89.8319
8732 89.8319
8739 89.8319
8746 89.8319
8753 89.8319
8760 89.8319
8767 89.8319
8773 89.8319
8780 89.8319
8855 89.8319
8862 89.8319
8868 89.8319
8874 89.8319
8880 89.8319
8886 89.8319
8893 89.8319
8899 89.8319
8906 89.8319
8913 89.8319
8988 89.8319
8995 89.8319
9001 89.8319
9007 89.8319
9014 89.8319
9020 89.8319
9027 89.8319
9034 89.8319
9040 89.8319
9046 89.8319
9121 89.8319
9128 89.8319
9134 89.8319
9141 89.8319
9147 89.8319
9154 89.8319
9161 89.8319
9168 89.8319
9175 89.8319
9181 89.8319
9256 89.8319
9263 89.8319
9270 89.8319
9276 89.8319
9282 89.8319
9288 89.8319
9294 89.8319
9301 89.8319
9308 89.8319
9314 89.8319
9388 89.8319
9394 89.8319
9400 89.8319
9406 89.8319
9412 89.8319
9418 89.8319
9424 89.8319
9431 89.8319
9437 89.8319
9443 89.8319
9517 89.8319
9523 89.8319
9530 89.8319
9536 89.8319
9543 89.8319
9550 89.8319
9556 89.8319
9562 89.8319
9568 89.8319
9574 89.8319
9648 89.8319
9655 89.8319
9661 89.8319
9667 89.8319
9674 89.8319
9680 89.8319
9686 89.8319
9692 89.8319
9698 89.8319
9705 89.8319
9779 89.8319
9786 89.8319
9792 89.8319
9798 89.8319
9805 89.8319
9812 89.8319
9818 89.8319
9824 89.8319
9831 89.8319
9838 89.8319
9912 89.8319
9919 89.8319
9925 89.8319
9932 89.8319
9939 89.8319
9946 89.8319
9953 89.8319
9960 89.8319
9966 89.8319
9972 89.8319
10046 89.8319
10052 89.8319
10058 89.8319
10064 89.8319
10071 89.8319
10077 89.8319
10083 89.8319
10089 89.8319
10095 89.8319
10101 89.8319
10176 89.8319
10182 89.8319
10189 89.8319
10195 89.8319
10201 89.8319
10207 89.8319
10213 89.8319
10220 89.8319
10226 89.8319
10233 89.8319
10307 89.8319
10313 89.8319
10319 89.8319
10325 89.8319
10331 89.8319
10337 89.8319
10343 89.8319
10349 89.8319
10355 89.8319
10362 89.8319
10437 89.8319
10443 89.8319
10450 89.8319
10456 89.8319
10462 89.8319
10468 89.8319
10475 89.8319
10482 89.8319
10488 89.8319
10495 89.8319
10570 89.8319
10577 89.8319
10583 89.8319
10589 89.8319
10596 89.8319
10603 89.8319
10609 89.8319
10616 89.8319
10622 89.8319
10629 89.8319
10703 89.8319
10710 89.8319
10716 89.8319
10722 89.8319
10729 89.8319
10735 89.8319
10741 89.8319
10748 89.8319
10754 89.8319
10761 89.8319
10835 89.8319
10841 89.8319
10847 89.8319
10853 89.8319
10859 89.8319
10866 89.8319
10872 89.8319
10879 89.8319
10885 89.8319
10891 89.8319
10966 89.8319
10973 89.8319
10979 89.8319
10985 89.8319
10991 89.8319
10997 89.8319
11003 89.8319
11009 89.8319
11016 89.8319
11023 89.8319
11098 89.8319
11105 89.8319
11111 89.8319
11118 89.8319
11124 89.8319
11130 89.8319
11137 89.8319
11143 89.8319
11150 89.8319
11156 89.8319
11230 89.8319
11237 89.8319
11243 89.8319
11250 89.8319
11257 89.8319
11263 89.8319
11269 89.8319
11275 89.8319
11281 89.8319
11287 89.8319
11361 89.8319
11368 89.8319
11375 89.8319
11382 89.8319
11389 89.8319
11395 89.8319
11401 89.8319
11407 89.8319
11413 89.8319
11419 89.8319
11494 89.8319
11501 89.8319
11508 89.8319
11514 89.8319
11520 89.8319
11526 89.8319
11532 89.8319
11538 89.8319
11544 89.8319
11550 89.8319
11625 89.8319
11631 89.8319
11638 89.8319
11644 89.8319
11650 89.8319
11657 89.8319
11663 89.8319
11670 89.8319
11677 89.8319
11684 89.8319
11759 89.8319
11766 89.8319
11772 89.8319
11779 89.8319
11786 89.8319
11793 89.8319
11800 89.8319
11807 89.8319
11814 89.8319
11821 89.8319
11896 89.8319
11902 89.8319
11909 89.8319
11915 89.8319
11921 89.8319
11928 89.8319
11934 89.8319
11940 89.8319
11946 89.8319
11952 89.8319
12026 89.8319
12033 89.8319
12039 89.8319
12045 89.8319
12051 89.8319
12057 89.8319
12063 89.8319
12070 89.8319
12077 89.8319
12083 89.8319
12157 89.8319
12163 89.8319
12170 89.8319
12176 89.8319
12183 89.8319
12190 89.8319
12196 89.8319
12203 89.8319
12209 89.8319
12215 89.8319
12289 89.8319
12296 89.8319
12303 89.8319
12309 89.8319
12315 89.8319
12321 89.8319
12327 89.8319
12333 89.8319
12339 89.8319
12345 89.8319
12420 89.8319
12426 89.8319
12432 89.8319
12438 89.8319
12444 89.8319
12450 89.8319
12456 89.8319
12462 89.8319
12468 89.8319
12475 89.8319
12550 89.8319
12556 89.8319
12562 89.8319
12568 89.8319
12575 89.8319
12582 89.8319
12588 89.8319
12595 89.8319
12601 89.8319
12607 89.8319
12681 89.8319
12687 89.8319
12694 89.8319
12700 89.8319
12707 89.8319
12713 89.8319
12720 89.8319
12727 89.8319
12733 89.8319
12739 89.8319
12813 89.8319
12819 89.8319
12826 89.8319
12833 89.8319
12839 89.8319
12846 89.8319
12852 89.8319
12859 89.8319
12865 89.8319
12872 89.8319
12947 89.8319
12954 89.8319
12960 89.8319
12967 89.8319
12974 89.8319
12980 89.8319
12987 89.8319
12994 89.8319
13000 89.8319
13006 89.8319
13081 89.8319
13087 89.8319
13093 89.8319
13100 89.8319
13106 89.8319
13112 89.8319
13119 89.8319
13125 89.8319
13132 89.8319
13139 89.8319
13213 89.8319
13220 89.8319
13227 89.8319
13233 89.8319
13239 89.8319
13245 89.8319
13252 89.8319
13259 89.8319
13266 89.8319
13273 89.8319
13348 89.8319
13354 89.8319
13361 89.8319
13367 89.8319
13373 89.8319
13379 89.8319
13385 89.8319
13392 89.8319
13398 89.8319
13405 89.8319
13479 89.8319
13485 89.8319
13491 89.8319
13498 89.8319
13504 89.8319
13510 89.8319
13516 89.8319
13523 89.8319
13530 89.8319
13536 89.8319
13610 89.8319
13616 89.8319
13622 89.8319
13628 89.8319
13634 89.8319
13641 89.8319
13647 89.8319
13653 89.8319
13660 89.8319
13666 89.8319
13741 89.8319
13747 89.8319
13754 89.8319
13760 89.8319
13766 89.8319
13772 89.8319
13778 89.8319
13785 89.8319
13792 89.8319
13799 89.8319
13873 89.8319
13879 89.8319
13885 89.8319
13892 89.8319
13898 89.8319
13904 89.8319
13910 89.8319
13916 89.8319
13922 89.8319
13929 89.8319
14004 89.8319
14010 89.8319
14016 89.8319
14023 89.8319
14030 89.8319
14037 89.8319
14043 89.8319
14050 89.8319
14056 89.8319
14062 89.8319
14136 89.8319
14143 89.8319
14149 89.8319
14155 89.8319
14161 89.8319
14167 89.8319
14173 89.8319
14179 89.8319
14186 89.8319
14193 89.8319
14267 89.8319
14274 89.8319
14280 89.8319
14286 89.8319
14292 89.8319
14298 89.8319
14304 89.8319
14310 89.8319
14316 89.8319
14322 89.8319
14397 89.8319
14403 89.8319
14409 89.8319
14415 89.8319
14421 89.8319
14427 89.8319
14433 89.8319
14439 89.8319
14446 89.8319
14453 89.8319
14527 89.8319
14533 89.8319
14539 89.8319
14545 89.8319
14551 89.8319
14557 89.8319
14563 89.8319
14569 89.8319
14575 89.8319
14581 89.8319
14656 89.8319
14663 89.8319
14669 89.8319
14675 89.8319
14681 89.8319
14687 89.8319
14694 89.8319
14701 89.8319
14707 89.8319
14714 89.8319
14788 89.8319
14794 89.8319
14800 89.8319
14806 89.8319
14813 89.8319
14820 89.8319
14827 89.8319
14834 89.8319
14841 89.8319
14848 89.8319
14922 89.8319
14928 89.8319
14935 89.8319
14941 89.8319
14948 89.8319
14955 89.8319
14961 89.8319
14967 89.8319
14974 89.8319
14981 89.8319
15055 89.8319
