32 62.1113
34 62.1113
36 62.1113
38 62.1113
40 62.1113
42 62.1113
44 62.1113
46 62.1113
48 62.1113
50 62.1113
52 62.1113
54 62.1113
56 62.1113
58 62.1113
60 62.1113
62 62.1113
64 62.1113
66 62.1113
68 62.1113
70 62.1113
72 62.1113
74 62.1113
76 62.1113
78 62.1113
80 62.1113
82 62.1113
84 62.1113
86 62.1113
88 62.1113
90 62.1113
92 62.1113
94 62.1113
96 62.1113
98 62.1113
100 62.1113
102 62.1113
104 62.1113
106 62.1113
108 62.1113
110 62.1113
112 62.1113
114 62.1113
116 62.1113
118 62.1113
120 62.1113
122 62.1113
124 62.1113
126 62.1113
128 62.1113
130 62.1113
132 62.1113
134 62.1113
136 62.1113
138 62.1113
140 62.1113
142 62.1113
144 62.1113
146 62.1113
148 62.1113
150 62.1113
152 62.1113
154 62.1113
156 62.1113
158 62.1113
160 62.1113
162 62.1113
164 62.1113
166 62.1113
168 62.1113
170 62.1113
172 62.1113
174 62.1113
176 62.1113
178 62.1113
180 62.1113
182 62.1113
184 62.1113
186 62.1113
188 62.1113
190 62.1113
192 62.1113
194 62.1113
196 62.1113
198 62.1113
200 62.1113
202 62.1113
204 62.1113
206 62.1113
208 62.1113
210 62.1113
212 62.1113
214 62.1113
216 62.1113
218 62.1113
220 62.1113
222 62.1113
224 62.1113
226 62.1113
228 62.1113
230 62.1113
232 62.1113
234 62.1113
236 62.1113
238 62.1113
240 62.1113
242 62.1113
244 62.1113
246 62.1113
248 62.1113
250 62.1113
252 62.1113
254 62.1113
256 62.1113
258 62.1113
260 62.1113
262 62.1113
264 62.1113
266 63.5819
268 63.5819
270 63.5819
272 63.5819
274 63.5819
276 63.5819
278 63.5819
280 63.5819
282 63.5819
284 63.5819
286 63.5819
288 63.5819
290 63.5819
292 63.5819
294 63.5819
296 63.5819
298 63.5819
300 63.5819
302 63.5819
304 63.5819
306 63.5819
308 63.9391
310 63.9391
312 63.9391
314 63.9391
316 63.9391
318 63.9391
320 63.9391
322 63.9391
324 63.9391
326 63.9391
328 63.9391
330 63.9391
332 63.9391
334 63.9391
336 63.9391
338 63.9391
340 63.9391
342 63.9391
344 65.4097
346 65.4097
348 65.4097
350 65.4097
352 65.4097
354 65.4097
356 65.4097
358 65.4097
360 65.4097
362 65.4097
364 65.4097
366 65.4097
368 65.4097
370 65.4097
372 65.4097
374 65.4097
376 65.4097
378 65.4097
380 65.4097
382 65.4097
384 65.4097
386 65.4097
388 65.4097
390 65.4097
392 65.4097
394 65.4097
396 65.4097
398 65.4097
400 65.4097
402 65.4097
404 65.4097
406 65.4097
408 65.4097
410 65.4097
412 65.4097
414 65.4097
416 65.4097
418 65.4097
420 65.4097
422 65.4097
424 65.4097
426 65.4097
428 65.4097
430 65.4097
432 65.4097
434 65.4097
436 65.4097
438 65.4097
440 65.4097
442 65.4097
444 65.4097
446 65.4097
448 65.4097
450 65.4097
452 65.4097
454 65.4097
456 65.4097
458 65.4097
460 65.4097
462 65.4097
464 65.4097
466 65.4097
468 65.4097
470 65.4097
472 65.4097
474 65.4097
476 65.4097
478 65.4097
480 65.4097
482 65.4097
484 65.4097
486 65.4097
488 65.4097
490 65.4097
492 65.4097
494 65.4097
496 65.4097
498 65.4097
500 65.4097
502 65.4097
504 65.4097
506 65.4097
508 65.4097
510 65.4097
512 65.4097
514 65.4097
516 65.4097
518 65.4097
520 65.4097
522 65.4097
524 65.4097
526 65.4097
528 65.4097
530 65.4097
532 65.4097
534 65.4097
536 65.4097
538 65.4097
540 67.416
542 67.416
544 67.416
546 67.416
548 67.416
550 67.416
552 67.416
554 67.416
556 67.416
558 67.416
560 67.416
562 67.416
564 67.416
566 67.416
568 67.416
570 67.416
572 67.416
574 67.416
576 67.416
578 67.416
580 67.416
582 67.416
584 67.416
586 67.416
588 67.416
590 67.416
592 67.416
594 67.416
596 67.416
598 67.416
600 67.416
602 67.416
604 67.416
606 67.416
608 67.416
610 67.416
612 67.416
614 67.416
616 67.416
618 67.416
620 67.416
622 67.416
624 67.416
626 67.416
628 67.416
630 67.416
632 67.416
634 67.416
636 67.416
638 67.416
640 67.416
642 67.416
644 67.416
646 67.416
648 67.416
650 67.416
652 67.416
654 67.416
656 67.416
658 67.416
660 67.416
662 67.416
664 67.416
666 67.416
668 67.416
670 67.416
672 67.416
674 67.416
676 67.416
678 67.416
680 67.416
682 68.1723
684 68.1723
686 68.1723
688 68.1723
690 68.1723
692 68.1723
694 68.1723
696 68.1723
698 68.1723
700 68.1723
702 68.1723
704 68.1723
706 68.1723
708 68.1723
710 68.1723
712 68.1723
714 68.1723
716 68.1723
718 68.1723
720 68.1723
722 68.1723
724 68.1723
726 68.1723
728 68.1723
730 68.1723
732 68.1723
734 68.1723
736 68.1723
738 68.1723
740 68.1723
742 68.1723
744 68.1723
746 68.1723
748 68.1723
750 68.1723
752 68.1723
754 68.1723
756 68.1723
758 68.1723
760 68.1723
762 68.1723
764 68.1723
766 68.1723
768 68.1723
770 68.1723
772 68.1723
774 68.1723
776 68.1723
778 68.1723
780 68.1723
782 68.1723
784 68.1723
786 68.1723
788 68.1723
790 68.1723
792 68.1723
794 68.1723
796 68.1723
798 68.1723
800 68.1723
802 68.1723
804 68.1723
806 68.1723
808 68.1723
810 68.1723
812 68.1723
814 68.1723
816 68.1723
818 68.1723
820 68.1723
822 68.1723
824 68.1723
826 68.1723
828 68.1723
830 68.1723
832 68.1723
834 68.1723
836 68.1723
838 68.1723
840 68.1723
842 68.1723
844 68.1723
846 68.1723
848 68.1723
850 68.1723
852 68.1723
854 68.1723
856 68.1723
858 68.1723
860 68.1723
862 68.1723
864 68.1723
866 68.1723
868 68.1723
870 68.1723
872 68.1723
874 68.1723
876 68.1723
878 68.1723
880 68.1723
882 68.1723
884 68.1723
886 68.1723
888 68.1723
890 68.1723
892 68.1723
894 68.1723
896 68.1723
898 68.1723
900 68.1723
902 68.1723
904 68.1723
906 68.1723
908 68.1723
910 68.1723
912 68.1723
914 68.1723
916 68.1723
918 68.1723
920 68.1723
922 68.1723
924 68.1723
926 68.1723
928 68.1723
930 68.1723
932 68.1723
934 68.1723
936 68.1723
938 68.1723
940 68.1723
942 68.1723
944 68.1723
946 68.1723
948 68.1723
950 68.1723
952 68.1723
954 68.1723
956 68.1723
958 68.1723
960 68.1723
962 68.1723
964 68.1723
966 68.1723
968 68.1723
970 68.1723
972 68.1723
974 68.1723
976 68.1723
978 68.1723
980 68.1723
982 68.1723
984 68.1723
986 68.1723
988 68.1723
990 68.1723
992 68.1723
994 68.1723
996 68.1723
998 68.1723
1000 68.1723
1002 68.1723
1004 68.1723
1006 68.1723
1008 68.1723
1010 68.1723
1012 68.1723
1014 68.1723
1016 68.1723
1018 68.1723
1020 68.1723
1022 68.1723
1024 68.1723
1026 68.1723
1028 68.1723
1030 68.1723
1032 68.1723
1034 68.1723
1036 68.1723
1038 68.1723
1040 68.1723
1042 68.1723
1044 68.1723
1046 68.1723
1048 68.1723
1050 68.1723
1052 68.1723
1054 68.1723
1056 68.1723
1058 68.1723
1060 68.1723
1062 68.1723
1064 68.1723
1066 68.1723
1068 68.1723
1070 68.1723
1072 68.1723
1074 68.1723
1076 68.1723
1078 68.1723
1080 68.1723
1082 68.1723
1084 68.1723
1086 68.1723
1088 68.1723
1090 68.1723
1092 68.1723
1094 68.1723
1096 68.1723
1098 68.1723
1100 68.1723
1102 68.1723
1104 68.1723
1106 68.1723
1108 68.1723
1110 68.1723
1112 68.1723
1114 68.1723
1116 68.1723
1118 68.1723
1120 68.1723
1122 68.1723
1124 68.708
1126 68.708
1128 68.708
1130 68.708
1132 68.708
1134 68.708
1136 68.708
1138 68.708
1140 68.708
1142 68.708
1144 68.708
1146 68.708
1148 68.708
1150 68.708
1152 68.708
1154 68.708
1156 68.708
1158 68.708
1160 68.708
1162 68.708
1164 68.708
1166 68.708
1168 68.708
1170 68.708
1172 68.708
1174 70
1176 70
1178 70
1180 70
1182 70
1184 70
1186 70
1188 70
1190 70
1192 70
1194 70
1196 70
1198 70
1200 70
1202 70
1204 70
1206 70
1208 70
1210 70
1212 70
1214 70
1216 70
1218 70
1220 70
1222 70
1224 70
1226 70
1228 70
1230 70
1232 70
1234 70
1236 70
1238 70
1240 70
1242 70
1244 70
1246 70
1248 70
1250 70
1252 70
1254 70
1256 70
1258 70
1260 70
1262 70
1264 70
1266 70
1268 70
1270 70
1272 70
1274 70
1276 70
1278 70
1280 70
1282 70
1284 70
1286 70
1288 70
1290 70
1292 70
1294 70
1296 70
1298 70
1300 70
1302 70
1304 70
1306 70
1308 70
1310 70
1312 70
1314 70
1316 70
1318 70
1320 70
1322 70
1324 70
1326 70
1328 70
1330 70
1332 70
1334 70
1336 70
1338 70
1340 70
1342 70
1344 70
1346 70
1348 70
1350 70
1352 70
1354 70
1356 70
1358 70
1360 70
1362 70
1364 70
1366 70
1368 70
1370 70
1372 70
1374 70
1376 70
1378 70
1380 70
1382 70
1384 70
1386 70
1388 70
1390 70
1392 70
1394 70
1396 70
1398 70
1400 70
1402 70
1404 70
1406 70
1408 70
1410 70
1412 70
1414 70
1416 70
1418 70
1420 70
1422 70
1424 70
1426 70
1428 70
1430 70
1432 70
1434 70
1436 70
1438 70
1440 70
1442 70
1444 70
1446 70
1448 70
1450 70
1452 70
1454 70
1456 70
1458 70
1460 70
1462 70
1464 70
1466 70
1468 70
1470 70
1472 70
1474 70
1476 70
1478 70
1480 70
1482 70
1484 70
1486 70
1488 70
1490 70
1492 70
1494 70
1496 70
1498 70
1500 70
1502 70
1504 70
1506 70
1508 70
1510 70
1512 70
1514 70
1516 70
1518 70
1520 70
1522 70
1524 70
1526 70
1528 70
1530 70
1532 70
1534 70
1536 70
1538 70
1540 70
1542 70
1544 70
1546 70
1548 70
1550 70
1552 70
1554 70
1556 70
1558 70
1560 70
1562 70
1564 70
1566 70
1568 70
1570 70.7563
1572 70.7563
1574 70.7563
1576 70.7563
1578 70.7563
1580 70.7563
1582 70.7563
1584 70.7563
1586 70.7563
1588 70.7563
1590 70.7563
1592 70.7563
1594 70.7563
1596 70.7563
1598 70.7563
1600 70.7563
1602 70.7563
1604 70.7563
1606 70.7563
1608 70.7563
1610 70.7563
1612 70.7563
1614 70.7563
1616 70.7563
1618 70.7563
1620 70.7563
1622 70.7563
1624 70.7563
1626 70.7563
1628 70.7563
1630 70.7563
1632 70.7563
1634 70.7563
1636 70.7563
1638 70.7563
1640 70.7563
1642 70.7563
1644 70.7563
1646 70.7563
1648 70.7563
1650 70.7563
1652 70.7563
1654 70.7563
1656 70.7563
1658 70.7563
1660 70.7563
1662 70.7563
1664 70.7563
1666 70.7563
1668 70.7563
1670 70.7563
1672 70.7563
1674 70.7563
1676 70.7563
1678 70.7563
1680 70.7563
1682 70.7563
1684 70.7563
1686 70.7563
1688 70.7563
1690 70.7563
1692 70.7563
1694 70.7563
1696 70.7563
1698 70.7563
1700 70.7563
1702 70.7563
1704 70.7563
1706 70.7563
1708 70.7563
1710 70.7563
1712 70.7563
1714 70.7563
1716 70.7563
1718 70.7563
1720 70.7563
1722 70.7563
1724 70.7563
1726 70.7563
1728 70.7563
1730 70.7563
1732 70.7563
1734 70.7563
1736 70.7563
1738 70.7563
1740 70.7563
1742 70.7563
1744 70.7563
1746 70.7563
1748 70.7563
1750 70.7563
1752 70.7563
1754 70.7563
1756 70.7563
1758 70.7563
1760 70.7563
1762 70.7563
1764 70.7563
1766 70.7563
1768 70.7563
1770 70.7563
1772 70.7563
1774 70.7563
1776 70.7563
1778 70.7563
1780 70.7563
1782 70.7563
1784 70.7563
1786 70.7563
1788 70.7563
1790 70.7563
1792 70.7563
1794 70.7563
1796 70.7563
1798 70.7563
1800 70.7563
1802 70.7563
1804 70.7563
1806 70.7563
1808 70.7563
1810 70.7563
1812 70.7563
1814 70.7563
1816 70.7563
1818 70.7563
1820 70.7563
1822 70.7563
1824 70.7563
1826 70.7563
1828 70.7563
1830 70.7563
1832 70.7563
1834 70.7563
1836 70.7563
1838 70.7563
1840 70.7563
1842 70.7563
1844 70.7563
1846 70.7563
1848 70.7563
1850 70.7563
1852 70.7563
1854 70.7563
1856 70.7563
1858 70.7563
1860 70.7563
1862 70.7563
1864 70.7563
1866 70.7563
1868 70.7563
1870 70.7563
1872 70.7563
1874 70.7563
1876 70.7563
1878 70.7563
1880 70.7563
1882 70.7563
1884 70.7563
1886 70.7563
1888 70.7563
1890 70.7563
1892 70.7563
1894 70.7563
1896 70.7563
1898 70.7563
1900 70.7563
1902 70.7563
1904 70.7563
1906 70.7563
1908 70.7563
1910 70.7563
1912 70.7563
1914 70.7563
1916 70.7563
1918 70.7563
1920 70.7563
1922 70.7563
1924 70.7563
1926 70.7563
1928 70.7563
1930 70.7563
1932 70.7563
1934 70.7563
1936 70.7563
1938 70.7563
1940 70.7563
1942 70.7563
1944 70.7563
1946 70.7563
1948 70.7563
1950 70.7563
1952 70.7563
1954 70.7563
1956 70.7563
1958 70.7563
1960 70.7563
1962 70.7563
1964 70.7563
1966 70.7563
1968 70.7563
1970 70.7563
1972 70.7563
1974 70.7563
1976 70.7563
1978 70.7563
1980 70.7563
1982 70.7563
1984 71.8277
1986 71.8277
1988 71.8277
1990 71.8277
1992 71.8277
1994 71.8277
1996 71.8277
1998 73.2983
2000 73.2983
2002 73.2983
2004 73.2983
2006 73.2983
2008 73.2983
2010 73.2983
2012 73.2983
2014 73.2983
2016 73.2983
2018 73.2983
2020 73.2983
2022 73.2983
2024 73.2983
2026 73.2983
2028 73.2983
2030 73.2983
2032 73.2983
2034 73.2983
2036 73.2983
2038 73.2983
2040 73.2983
2042 73.2983
2044 73.2983
2046 73.2983
2048 73.2983
2050 73.2983
2052 73.2983
2054 73.2983
2056 73.2983
2058 73.2983
2060 73.2983
2062 73.2983
2064 73.2983
2066 73.2983
2068 73.2983
2070 73.2983
2072 73.2983
2074 73.2983
2076 73.2983
2078 73.2983
2080 73.2983
2082 73.2983
2084 73.2983
2086 73.2983
2088 73.2983
2090 73.2983
2092 73.2983
2094 73.2983
2096 73.2983
2098 73.2983
2100 73.2983
2102 73.2983
2104 73.2983
2106 73.2983
2108 73.2983
2110 73.2983
2112 73.2983
2114 73.2983
2116 73.2983
2118 73.2983
2120 73.2983
2122 73.2983
2124 73.2983
2126 73.2983
2128 73.2983
2130 73.2983
2132 73.2983
2134 73.2983
2136 73.2983
2138 73.2983
2140 73.2983
2142 73.2983
2144 73.2983
2146 73.2983
2148 73.2983
2150 73.2983
2152 73.2983
2154 73.2983
2156 73.2983
2158 73.2983
2160 73.2983
2162 73.2983
2164 73.2983
2166 73.2983
2168 73.2983
2170 73.2983
2172 73.2983
2174 73.2983
2176 73.2983
2178 73.2983
2180 73.2983
2182 73.2983
2184 73.2983
2186 73.2983
2188 73.2983
2190 73.2983
2192 73.2983
2194 73.2983
2196 73.2983
2198 73.2983
2200 73.2983
2202 73.2983
2204 73.2983
2206 73.2983
2208 73.2983
2210 73.2983
2212 73.2983
2214 73.2983
2216 73.2983
2218 73.2983
2220 73.2983
2222 73.2983
2224 73.2983
2226 73.2983
2228 73.2983
2230 73.2983
2232 73.2983
2234 73.2983
2236 73.2983
2238 73.2983
2240 73.2983
2242 73.2983
2244 73.2983
2246 73.2983
2248 73.2983
2250 73.2983
2252 73.2983
2254 73.2983
2256 73.2983
2258 73.2983
2260 73.2983
2262 73.2983
2264 73.2983
2266 73.2983
2268 73.2983
2270 73.2983
2272 73.2983
2274 73.2983
2276 73.2983
2278 73.2983
2280 73.2983
2282 73.2983
2284 73.2983
2286 73.2983
2288 73.2983
2290 73.2983
2292 73.2983
2294 73.2983
2296 73.2983
2298 73.2983
2300 73.2983
2302 73.2983
2304 73.2983
2306 73.2983
2308 73.2983
2310 73.2983
2312 73.2983
2314 73.2983
2316 73.2983
2318 73.2983
2320 73.2983
2322 73.2983
2324 73.2983
2326 73.2983
2328 73.2983
2330 73.2983
2332 73.2983
2334 73.2983
2336 73.2983
2338 73.2983
2340 73.2983
2342 73.2983
2344 73.2983
2346 73.2983
2348 73.2983
2350 73.2983
2352 73.2983
2354 73.2983
2356 73.2983
2358 73.2983
2360 73.2983
2362 73.2983
2364 73.2983
2366 73.2983
2368 73.2983
2370 73.2983
2372 73.2983
2374 73.2983
2376 73.2983
2378 73.2983
2380 73.2983
2382 73.2983
2384 73.2983
2386 73.2983
2388 73.2983
2390 73.2983
2392 73.2983
2394 73.2983
2396 73.2983
2398 73.2983
2400 73.2983
2402 73.2983
2404 73.2983
2406 73.2983
2408 73.2983
2410 73.2983
2412 73.2983
2414 73.2983
2416 73.2983
2418 73.2983
2420 73.2983
2422 73.2983
2424 73.2983
2426 73.2983
2428 73.2983
2430 73.2983
2432 73.2983
2434 73.2983
2436 73.2983
2438 73.2983
2440 73.2983
2442 73.2983
2444 73.2983
2446 73.2983
2448 73.2983
2450 73.2983
2452 73.2983
2454 73.2983
2456 73.2983
2458 73.2983
2460 73.2983
2462 73.2983
2464 73.2983
2466 73.2983
2468 73.2983
2470 73.2983
2472 73.2983
2474 73.2983
2476 73.2983
2478 73.2983
2480 73.2983
2482 73.2983
2484 73.2983
2486 73.2983
2488 73.2983
2490 73.2983
2492 73.2983
2494 73.2983
2496 73.2983
2498 73.2983
2500 73.2983
2502 73.2983
2504 73.2983
2506 73.2983
2508 73.2983
2510 73.2983
2512 73.2983
2514 73.2983
2516 73.2983
2518 73.2983
2520 73.2983
2522 73.2983
2524 73.4769
2526 73.4769
2528 73.4769
2530 73.4769
2532 73.4769
2534 73.4769
2536 73.4769
2538 73.4769
2540 73.4769
2542 73.4769
2544 73.4769
2546 73.4769
2548 73.4769
2550 73.4769
2552 73.4769
2554 73.4769
2556 73.4769
2558 73.4769
2560 73.4769
2562 73.4769
2564 73.4769
2566 73.4769
2568 73.4769
2570 73.4769
2572 73.4769
2574 73.4769
2576 73.4769
2578 73.4769
2580 73.4769
2582 73.4769
2584 73.4769
2586 73.4769
2588 73.4769
2590 73.4769
2592 73.4769
2594 73.6555
2596 73.6555
2598 73.6555
2600 73.6555
2602 73.6555
2604 73.6555
2606 73.6555
2608 73.6555
2610 73.6555
2612 73.6555
2614 73.6555
2616 73.6555
2618 73.6555
2620 73.6555
2622 73.6555
2624 73.6555
2626 73.6555
2628 73.6555
2630 73.6555
2632 73.6555
2634 73.6555
2636 73.6555
2638 73.6555
2640 73.6555
2642 73.6555
2644 73.6555
2646 73.6555
2648 73.6555
2650 73.6555
2652 73.6555
2654 73.6555
2656 73.6555
2658 73.6555
2660 73.6555
2662 73.6555
2664 73.6555
2666 73.6555
2668 73.6555
2670 73.6555
2672 73.6555
2674 73.6555
2676 73.6555
2678 73.6555
2680 73.6555
2682 73.6555
2684 73.6555
2686 73.6555
2688 73.6555
2690 73.6555
2692 73.6555
2694 73.6555
2696 73.6555
2698 73.6555
2700 73.6555
2702 73.6555
2704 73.6555
2706 73.6555
2708 73.6555
2710 73.6555
2712 73.6555
2714 73.6555
2716 73.6555
2718 73.6555
2720 73.6555
2722 73.6555
2724 73.6555
2726 73.6555
2728 73.6555
2730 73.6555
2732 73.6555
2734 73.6555
2736 73.6555
2738 73.6555
2740 73.6555
2742 73.6555
2744 73.6555
2746 73.6555
2748 73.6555
2750 73.6555
2752 73.6555
2754 73.6555
2756 73.6555
2758 73.6555
2760 73.6555
2762 73.6555
2764 73.6555
2766 73.6555
2768 73.6555
2770 73.6555
2772 73.6555
2774 73.6555
2776 73.6555
2778 73.6555
2780 73.6555
2782 73.6555
2784 73.6555
2786 73.6555
2788 73.6555
2790 73.6555
2792 73.6555
2794 73.6555
2796 73.6555
2798 73.6555
2800 73.6555
2802 73.6555
2804 73.6555
2806 73.6555
2808 73.6555
2810 73.6555
2812 73.6555
2814 73.6555
2816 73.6555
2818 73.6555
2820 73.6555
2822 73.6555
2824 73.6555
2826 73.6555
2828 73.6555
2830 73.6555
2832 73.6555
2834 73.6555
2836 73.6555
2838 73.6555
2840 73.6555
2842 73.6555
2844 73.6555
2846 73.6555
2848 73.6555
2850 73.6555
2852 73.6555
2854 73.6555
2856 73.6555
2858 73.6555
2860 73.6555
2862 73.6555
2864 73.6555
2866 73.6555
2868 73.6555
2870 73.6555
2872 73.6555
2874 73.6555
2876 73.6555
2878 73.6555
2880 73.6555
2882 73.6555
2884 73.6555
2886 73.6555
2888 73.6555
2890 73.6555
2892 73.6555
2894 73.6555
2896 73.6555
2898 73.6555
2900 73.6555
2902 73.6555
2904 73.6555
2906 73.6555
2908 73.6555
2910 73.6555
2912 73.6555
2914 73.6555
2916 73.6555
2918 75.3046
2920 75.3046
2922 75.3046
2924 75.3046
2926 75.3046
2928 75.3046
2930 75.3046
2932 75.3046
2934 75.3046
2936 75.3046
2938 75.3046
2940 75.3046
2942 75.3046
2944 75.3046
2946 75.3046
2948 75.3046
2950 75.3046
2952 75.3046
2954 75.3046
2956 75.3046
2958 75.3046
2960 75.3046
2962 75.3046
2964 75.3046
2966 75.3046
2968 75.3046
2970 75.3046
2972 75.3046
2974 75.3046
2976 75.3046
2978 75.3046
2980 75.3046
2982 75.3046
2984 75.3046
2986 75.3046
2988 75.3046
2990 75.3046
2992 75.3046
2994 75.3046
2996 75.3046
2998 75.3046
3000 75.3046
3002 75.3046
3004 75.3046
3006 75.3046
3008 75.3046
3010 75.3046
3012 75.3046
3014 75.3046
3016 75.3046
3018 75.3046
3020 75.3046
3022 75.3046
3024 75.3046
3026 75.3046
3028 75.3046
3030 75.3046
3032 75.3046
3034 75.3046
3036 75.3046
3038 75.3046
3040 75.3046
3042 75.3046
3044 75.3046
3046 75.3046
3048 75.3046
3050 75.3046
3052 75.3046
3054 75.3046
3056 75.3046
3058 75.3046
3060 75.3046
3062 75.3046
3064 75.3046
3066 75.3046
3068 75.3046
3070 75.3046
3072 75.3046
3074 75.3046
3076 75.3046
3078 75.3046
3080 75.3046
3082 75.3046
3084 75.3046
3086 75.3046
3088 75.3046
3090 75.3046
3092 75.3046
3094 75.3046
3096 75.3046
3098 75.3046
3100 75.3046
3102 75.3046
3104 75.3046
3106 75.3046
3108 75.3046
3110 75.3046
3112 75.3046
3114 75.3046
3116 75.3046
3118 75.3046
3120 75.3046
3122 75.3046
3124 75.3046
3126 75.3046
3128 75.3046
3130 75.3046
3132 75.3046
3134 75.3046
3136 75.3046
3138 75.3046
3140 75.3046
3142 75.3046
3144 75.3046
3146 75.3046
3148 75.3046
3150 75.3046
3152 75.3046
3154 75.3046
3156 75.3046
3158 75.3046
3160 75.3046
3162 75.3046
3164 75.3046
3166 75.3046
3168 75.3046
3170 75.3046
3172 75.3046
3174 75.3046
3176 75.3046
3178 75.3046
3180 75.3046
3182 75.3046
3184 75.3046
3186 75.3046
3188 75.3046
3190 75.3046
3192 75.3046
3194 75.3046
3196 75.3046
3198 75.3046
3200 75.3046
3202 75.3046
3204 75.3046
3206 75.3046
3208 75.3046
3210 75.3046
3212 75.3046
3214 75.3046
3216 75.3046
3218 75.3046
3220 75.7038
3222 75.7038
3224 75.7038
3226 75.7038
3228 75.7038
3230 75.7038
3232 75.7038
3234 75.7038
3236 75.7038
3238 75.7038
3240 75.7038
3242 75.7038
3244 75.7038
3246 75.7038
3248 75.7038
3250 75.7038
3252 75.7038
3254 75.7038
3256 75.7038
3258 75.7038
3260 75.7038
3262 75.7038
3264 75.7038
3266 75.7038
3268 75.7038
3270 75.7038
3272 75.7038
3274 75.7038
3276 75.7038
3278 75.7038
3280 75.7038
3282 75.7038
3284 75.7038
3286 75.7038
3288 75.7038
3290 75.7038
3292 75.7038
3294 75.7038
3296 75.7038
3298 75.7038
3300 75.7038
3302 75.7038
3304 75.7038
3306 75.7038
3308 75.7038
3310 75.7038
3312 75.7038
3314 75.7038
3316 75.7038
3318 75.7038
3320 75.7038
3322 75.7038
3324 75.7038
3326 75.7038
3328 75.7038
3330 75.7038
3332 75.7038
3334 75.7038
3336 75.7038
3338 75.7038
3340 75.7038
3342 75.7038
3344 75.7038
3346 75.7038
3348 75.7038
3350 75.7038
3352 75.7038
3354 75.7038
3356 75.7038
3358 75.7038
3360 75.7038
3362 75.7038
3364 75.7038
3366 75.7038
3368 75.7038
3370 75.7038
3372 75.7038
3374 75.7038
3376 75.7038
3378 75.7038
3380 75.7038
3382 75.7038
3384 75.7038
3386 75.7038
3388 75.7038
3390 75.7038
3392 75.7038
3394 75.7038
3396 75.7038
3398 75.7038
3400 75.7038
3402 75.7038
3404 75.7038
3406 75.7038
3408 75.7038
3410 75.7038
3412 75.7038
3414 75.7038
3416 75.7038
3418 75.7038
3420 75.7038
3422 75.7038
3424 75.7038
3426 75.7038
3428 75.7038
3430 75.7038
3432 75.7038
3434 75.7038
3436 75.7038
3438 75.7038
3440 75.7038
3442 75.7038
3444 75.7038
3446 75.7038
3448 75.7038
3450 75.7038
3452 75.7038
3454 75.7038
3456 75.7038
3458 75.7038
3460 75.7038
3462 75.7038
3464 75.7038
3466 75.7038
3468 75.7038
3470 75.7038
3472 75.7038
3474 75.7038
3476 75.7038
3478 75.7038
3480 75.7038
3482 75.7038
3484 75.7038
3486 75.7038
3488 75.7038
3490 75.7038
3492 75.7038
3494 75.7038
3496 75.7038
3498 75.7038
3500 75.7038
3502 75.7038
3504 75.7038
3506 75.7038
3508 75.7038
3510 75.7038
3512 75.7038
3514 75.7038
3516 75.7038
3518 75.7038
3520 75.7038
3522 75.7038
3524 75.7038
3526 75.7038
3528 75.7038
3530 75.7038
3532 75.7038
3534 75.7038
3536 75.7038
3538 75.7038
3540 75.7038
3542 75.7038
3544 75.7038
3546 75.7038
3548 75.7038
3550 75.7038
3552 75.7038
3554 75.7038
3556 75.7038
3558 75.7038
3560 75.7038
3562 75.7038
3564 75.7038
3566 75.7038
3568 75.7038
3570 75.7038
3572 75.7038
3574 75.7038
3576 75.7038
3578 75.7038
3580 75.7038
3582 75.7038
3584 75.7038
3586 75.7038
3588 75.7038
3590 75.7038
3592 75.7038
3594 75.7038
3596 75.7038
3598 75.7038
3600 75.7038
3602 75.7038
3604 75.7038
3606 75.7038
3608 75.7038
3610 75.7038
3612 75.7038
3614 75.7038
3616 75.7038
3618 75.7038
3620 75.7038
3622 75.7038
3624 75.7038
3626 75.7038
3628 75.7038
3630 75.7038
3632 75.7038
3634 75.7038
3636 75.7038
3638 75.7038
3640 75.7038
3642 75.7038
3644 75.7038
3646 75.7038
3648 75.7038
3650 75.7038
3652 75.7038
3654 75.7038
3656 75.7038
3658 75.7038
3660 75.7038
3662 75.7038
3664 75.7038
3666 75.7038
3668 75.7038
3670 75.7038
3672 75.7038
3674 75.7038
3676 75.7038
3678 75.7038
3680 75.7038
3682 75.7038
3684 75.7038
3686 75.7038
3688 75.7038
3690 75.7038
3692 75.7038
3694 75.7038
3696 75.7038
3698 75.7038
3700 75.7038
3702 75.7038
3704 75.7038
3706 75.7038
3708 75.7038
3710 75.7038
3712 75.7038
3714 75.7038
3716 75.7038
3718 75.7038
3720 75.7038
3722 75.7038
3724 75.7038
3726 75.7038
3728 75.7038
3730 75.7038
3732 75.7038
3734 75.7038
3736 75.7038
3738 75.7038
3740 75.7038
3742 75.7038
3744 75.7038
3746 75.7038
3748 75.7038
3750 75.7038
3752 75.7038
3754 75.7038
3756 75.7038
3758 75.7038
3760 75.7038
3762 75.7038
3764 75.7038
3766 75.7038
3768 75.7038
3770 75.7038
3772 75.7038
3774 75.7038
3776 75.7038
3778 75.7038
3780 75.7038
3782 75.7038
3784 75.7038
3786 75.7038
3788 75.7038
3790 75.7038
3792 75.7038
3794 75.7038
3796 75.7038
3798 75.7038
3800 75.7038
3802 75.7038
3804 75.7038
3806 75.7038
3808 75.7038
3810 75.7038
3812 75.7038
3814 75.7038
3816 75.7038
3818 75.7038
3820 75.7038
3822 75.7038
3824 75.7038
3826 75.7038
3828 75.7038
3830 75.7038
3832 75.7038
3834 75.7038
3836 75.7038
3838 75.7038
3840 75.7038
3842 75.7038
3844 75.7038
3846 75.7038
3848 75.7038
3850 75.7038
3852 75.7038
3854 75.7038
3856 75.7038
3858 75.7038
3860 75.7038
3862 75.7038
3864 75.7038
3866 75.7038
3868 75.7038
3870 75.7038
3872 75.7038
3874 75.7038
3876 75.7038
3878 75.7038
3880 75.7038
3882 75.7038
3884 75.7038
3886 75.7038
3888 75.7038
3890 75.7038
3892 75.7038
3894 75.7038
3896 75.7038
3898 75.7038
3900 75.7038
3902 75.7038
3904 75.7038
3906 75.7038
3908 75.7038
3910 75.7038
3912 75.7038
3914 75.7038
3916 75.7038
3918 75.7038
3920 75.7038
3922 75.7038
3924 75.7038
3926 75.7038
3928 75.7038
3930 75.7038
3932 75.7038
3934 75.7038
3936 75.7038
3938 75.7038
3940 75.7038
3942 75.7038
3944 75.7038
3946 75.7038
3948 75.7038
3950 75.7038
3952 75.7038
3954 75.7038
3956 75.7038
3958 75.7038
3960 75.7038
3962 75.7038
3964 75.7038
3966 75.7038
3968 75.7038
3970 75.7038
3972 75.7038
3974 75.7038
3976 75.7038
3978 75.7038
3980 75.7038
3982 75.7038
3984 75.7038
3986 75.7038
3988 75.7038
3990 75.7038
3992 75.7038
3994 75.7038
3996 75.7038
3998 75.7038
4000 75.7038
4002 75.7038
4004 75.7038
4006 75.7038
4008 75.7038
4010 75.7038
4012 75.7038
4014 75.7038
4016 75.7038
4018 75.7038
4020 75.7038
4022 75.7038
4024 75.7038
4026 75.7038
4028 75.7038
4030 75.7038
4032 75.7038
4034 75.7038
4036 75.7038
4038 75.7038
4040 75.7038
4042 75.7038
4044 75.7038
4046 75.7038
4048 75.7038
4050 75.7038
4052 75.7038
4054 75.7038
4056 75.7038
4058 75.7038
4060 75.7038
4062 75.7038
4064 75.7038
4066 75.7038
4068 75.7038
4070 75.7038
4072 75.7038
4074 75.7038
4076 75.7038
4078 75.7038
4080 75.7038
4082 75.7038
4084 75.7038
4086 75.7038
4088 75.7038
4090 75.7038
4092 75.7038
4094 75.7038
4096 75.7038
4098 75.7038
4100 75.7038
4102 75.7038
4104 75.7038
4106 75.7038
4108 75.7038
4110 75.7038
4112 75.7038
4114 75.7038
4116 75.7038
4118 75.7038
4120 75.7038
4122 75.7038
4124 75.7038
4126 75.7038
4128 75.7038
4130 75.7038
4132 75.7038
4134 75.7038
4136 75.7038
4138 75.7038
4140 75.7038
4142 75.7038
4144 75.7038
4146 75.7038
4148 75.7038
4150 75.7038
4152 75.7038
4154 75.7038
4156 75.7038
4158 75.7038
4160 75.7038
4162 75.7038
4164 75.7038
4166 75.7038
4168 75.7038
4170 75.7038
4172 75.7038
4174 75.7038
4176 75.7038
4178 75.7038
4180 75.7038
4182 75.7038
4184 75.7038
4186 75.7038
4188 75.7038
4190 75.7038
4192 76.8172
4194 76.8172
4196 76.8172
4198 76.8172
4200 76.8172
4202 76.8172
4204 76.8172
4206 76.8172
4208 76.8172
4210 76.8172
4212 76.8172
4214 76.8172
4216 76.8172
4218 76.8172
4220 76.8172
4222 76.8172
4224 76.8172
4226 76.8172
4228 76.8172
4230 76.8172
4232 76.8172
4234 76.8172
4236 76.8172
4238 76.8172
4240 76.8172
4242 76.8172
4244 76.8172
4246 76.8172
4248 76.8172
4250 76.8172
4252 76.8172
4254 76.8172
4256 76.8172
4258 76.8172
4260 76.8172
4262 76.8172
4264 76.8172
4266 76.8172
4268 76.8172
4270 76.8172
4272 76.8172
4274 76.8172
4276 76.8172
4278 76.8172
4280 76.8172
4282 76.8172
4284 76.8172
4286 76.8172
4288 76.8172
4290 76.8172
4292 76.8172
4294 76.8172
4296 76.8172
4298 76.8172
4300 76.8172
4302 76.8172
4304 76.8172
4306 76.8172
4308 76.8172
4310 76.8172
4312 76.8172
4314 76.8172
4316 76.8172
4318 76.8172
4320 76.8172
4322 76.8172
4324 76.8172
4326 76.8172
4328 76.8172
4330 76.8172
4332 76.8172
4334 76.8172
4336 76.8172
4338 76.8172
4340 76.8172
4342 76.8172
4344 76.8172
4346 76.8172
4348 76.8172
4350 76.8172
4352 76.8172
4354 76.8172
4356 76.8172
4358 76.8172
4360 76.8172
4362 76.8172
4364 76.8172
4366 76.8172
4368 76.8172
4370 76.8172
4372 76.8172
4374 76.8172
4376 76.8172
4378 76.8172
4380 76.8172
4382 76.8172
4384 76.8172
4386 76.8172
4388 76.8172
4390 76.8172
4392 76.8172
4394 76.8172
4396 76.8172
4398 76.8172
4400 76.8172
4402 76.8172
4404 76.8172
4406 76.8172
4408 76.8172
4410 76.8172
4412 76.8172
4414 76.8172
4416 76.8172
4418 76.8172
4420 76.8172
4422 76.8172
4424 76.9958
4426 76.9958
4428 76.9958
4430 76.9958
4432 76.9958
4434 76.9958
4436 76.9958
4438 76.9958
4440 76.9958
4442 76.9958
4444 76.9958
4446 76.9958
4448 76.9958
4450 76.9958
4452 76.9958
4454 76.9958
4456 76.9958
4458 76.9958
4460 76.9958
4462 76.9958
4464 76.9958
4466 76.9958
4468 76.9958
4470 76.9958
4472 76.9958
4474 76.9958
4476 76.9958
4478 76.9958
4480 76.9958
4482 76.9958
4484 76.9958
4486 76.9958
4488 76.9958
4490 76.9958
4492 76.9958
4494 76.9958
4496 76.9958
4498 76.9958
4500 76.9958
4502 76.9958
4504 76.9958
4506 76.9958
4508 76.9958
4510 76.9958
4512 76.9958
4514 76.9958
4516 76.9958
4518 76.9958
4520 76.9958
4522 76.9958
4524 76.9958
4526 77.1744
4528 77.1744
4530 77.1744
4532 77.1744
4534 77.1744
4536 77.1744
4538 77.1744
4540 77.1744
4542 77.1744
4544 77.1744
4546 77.1744
4548 77.1744
4550 77.1744
4552 77.1744
4554 77.1744
4556 77.1744
4558 77.1744
4560 77.1744
4562 77.1744
4564 77.1744
4566 77.1744
4568 77.1744
4570 77.1744
4572 77.1744
4574 77.1744
4576 77.1744
4578 77.1744
4580 77.1744
4582 77.1744
4584 77.1744
4586 77.1744
4588 77.1744
4590 77.1744
4592 77.1744
4594 77.1744
4596 77.1744
4598 77.1744
4600 77.1744
4602 77.1744
4604 77.1744
4606 77.1744
4608 77.1744
4610 77.1744
4612 77.1744
4614 77.1744
4616 77.1744
4618 77.1744
4620 77.1744
4622 77.1744
4624 77.1744
4626 77.1744
4628 77.1744
4630 77.1744
4632 77.3529
4634 77.3529
4636 77.3529
4638 77.3529
4640 77.3529
4642 77.3529
4644 77.3529
4646 77.3529
4648 77.3529
4650 77.3529
4652 77.3529
4654 77.3529
4656 77.3529
4658 77.5315
4660 77.5315
4662 77.5315
4664 77.5315
4666 77.5315
4668 77.5315
4670 77.5315
4672 77.5315
4674 77.5315
4676 77.5315
4678 77.5315
4680 77.5315
4682 77.5315
4684 77.5315
4686 77.5315
4688 77.5315
4690 77.5315
4692 77.5315
4694 77.5315
4696 77.5315
4698 77.5315
4700 77.5315
4702 77.5315
4704 77.5315
4706 77.5315
4708 77.5315
4710 77.5315
4712 77.5315
4714 77.5315
4716 77.5315
4718 77.5315
4720 77.5315
4722 77.5315
4724 77.5315
4726 77.5315
4728 77.5315
4730 77.5315
4732 77.5315
4734 77.5315
4736 77.5315
4738 77.5315
4740 77.5315
4742 77.5315
4744 77.5315
4746 77.5315
4748 77.5315
4750 77.5315
4752 77.5315
4754 77.5315
4756 77.5315
4758 77.5315
4760 77.5315
4762 77.5315
4764 77.5315
4766 77.5315
4768 77.5315
4770 77.5315
4772 77.5315
4774 77.5315
4776 77.5315
4778 77.5315
4780 77.5315
4782 77.5315
4784 77.5315
4786 77.5315
4788 77.5315
4790 77.5315
4792 77.5315
4794 77.5315
4796 77.5315
4798 77.5315
4800 77.5315
4802 77.5315
4804 77.5315
4806 77.5315
4808 77.5315
4810 77.5315
4812 77.5315
4814 77.5315
4816 77.5315
4818 77.5315
4820 77.5315
4822 77.5315
4824 77.5315
4826 77.5315
4828 77.5315
4830 77.5315
4832 77.5315
4834 77.5315
4836 77.5315
4838 77.5315
4840 77.5315
4842 77.5315
4844 77.5315
4846 77.5315
4848 77.5315
4850 77.5315
4852 77.5315
4854 77.5315
4856 77.5315
4858 77.5315
4860 77.5315
4862 77.5315
4864 77.5315
4866 77.5315
4868 77.5315
4870 77.5315
4872 77.5315
4874 77.5315
4876 77.5315
4878 77.5315
4880 77.5315
4882 77.5315
4884 77.5315
4886 77.5315
4888 77.5315
4890 77.5315
4892 77.5315
4894 77.5315
4896 77.5315
4898 77.5315
4900 77.5315
4902 77.5315
4904 77.5315
4906 77.5315
4908 77.5315
4910 77.5315
4912 77.5315
4914 77.5315
4916 77.5315
4918 77.5315
4920 77.5315
4922 77.5315
4924 77.5315
4926 77.5315
4928 77.5315
4930 77.5315
4932 77.5315
4934 77.5315
4936 77.5315
4938 77.5315
4940 77.5315
4942 77.5315
4944 77.5315
4946 77.5315
4948 77.5315
4950 77.5315
4952 77.5315
4954 77.5315
4956 77.5315
4958 77.5315
4960 77.5315
4962 77.5315
4964 77.5315
4966 77.5315
4968 77.5315
4970 77.5315
4972 77.5315
4974 77.5315
4976 77.5315
4978 77.5315
4980 77.5315
4982 77.5315
4984 77.5315
4986 77.5315
4988 77.5315
4990 77.5315
4992 77.5315
4994 77.5315
4996 77.5315
4998 77.5315
5000 77.5315
5002 77.5315
5004 77.5315
5006 77.5315
5008 77.5315
5010 77.5315
5012 77.5315
5014 77.5315
5016 77.5315
5018 77.5315
5020 77.5315
5022 77.5315
5024 77.5315
5026 77.5315
5028 77.5315
5030 77.5315
5032 77.5315
5034 77.5315
5036 77.5315
5038 77.5315
5040 77.5315
5042 77.5315
5044 77.5315
5046 77.5315
5048 77.5315
5050 77.5315
5052 77.5315
5054 77.5315
5056 77.5315
5058 77.5315
5060 77.5315
5062 77.5315
5064 77.5315
5066 77.5315
5068 77.5315
5070 77.5315
5072 77.5315
5074 77.5315
5076 77.5315
5078 77.5315
5080 77.5315
5082 77.5315
5084 77.5315
5086 77.5315
5088 77.5315
5090 77.5315
5092 77.5315
5094 77.5315
5096 77.5315
5098 77.5315
5100 77.5315
5102 77.5315
5104 77.5315
5106 77.5315
5108 77.5315
5110 77.5315
5112 77.5315
5114 77.5315
5116 77.5315
5118 77.5315
5120 77.5315
5122 77.5315
5124 77.5315
5126 77.5315
5128 77.5315
5130 77.5315
5132 77.5315
5134 77.5315
5136 77.5315
5138 77.5315
5140 77.5315
5142 77.5315
5144 77.5315
5146 77.5315
5148 77.5315
5150 77.5315
5152 77.5315
5154 77.5315
5156 77.5315
5158 77.5315
5160 77.5315
5162 77.5315
5164 77.5315
5166 77.5315
5168 77.5315
5170 77.5315
5172 77.5315
5174 77.5315
5176 77.5315
5178 77.5315
5180 77.5315
5182 77.5315
5184 77.5315
5186 77.5315
5188 77.5315
5190 77.5315
5192 77.5315
5194 77.5315
5196 77.5315
5198 77.5315
5200 77.5315
5202 77.5315
5204 77.5315
5206 77.5315
5208 77.5315
5210 77.5315
5212 77.5315
5214 77.5315
5216 77.5315
5218 77.5315
5220 77.5315
5222 77.5315
5224 77.5315
5226 77.5315
5228 77.5315
5230 77.5315
5232 77.5315
5234 77.5315
5236 77.5315
5238 77.5315
5240 77.5315
5242 77.5315
5244 77.5315
5246 77.5315
5248 77.5315
5250 77.5315
5252 77.5315
5254 77.5315
5256 77.5315
5258 77.5315
5260 77.5315
5262 77.5315
5264 77.5315
5266 77.5315
5268 77.5315
5270 77.5315
5272 77.5315
5274 77.5315
5276 77.5315
5278 77.5315
5280 77.5315
5282 77.5315
5284 77.5315
5286 77.5315
5288 77.5315
5290 77.5315
5292 77.5315
5294 77.5315
5296 77.5315
5298 77.5315
5300 77.5315
5302 77.5315
5304 77.5315
5306 77.5315
5308 77.5315
5310 77.5315
5312 77.5315
5314 77.5315
5316 77.5315
5318 77.5315
5320 77.5315
5322 77.5315
5324 77.5315
5326 77.5315
5328 77.5315
5330 77.5315
5332 77.5315
5334 77.5315
5336 77.5315
5338 77.5315
5340 77.5315
5342 77.5315
5344 77.5315
5346 77.5315
5348 77.5315
5350 77.5315
5352 77.5315
5354 77.5315
5356 77.5315
5358 77.5315
5360 77.5315
5362 77.5315
5364 77.5315
5366 77.5315
5368 77.5315
5370 77.5315
5372 77.5315
5374 77.5315
5376 77.5315
5378 77.5315
5380 77.5315
5382 77.5315
5384 77.5315
5386 77.5315
5388 77.5315
5390 77.5315
5392 77.5315
5394 77.5315
5396 77.5315
5398 77.5315
5400 77.5315
5402 77.5315
5404 77.5315
5406 77.5315
5408 77.5315
5410 77.5315
5412 77.5315
5414 77.5315
5416 77.5315
5418 77.5315
5420 77.5315
5422 77.5315
5424 77.5315
5426 77.5315
5428 77.5315
5430 77.5315
5432 77.5315
5434 77.5315
5436 77.5315
5438 77.5315
5440 77.5315
5442 77.5315
5444 77.5315
5446 77.5315
5448 77.5315
5450 77.5315
5452 77.5315
5454 77.5315
5456 77.5315
5458 77.5315
5460 77.5315
5462 77.5315
5464 77.5315
5466 77.5315
5468 77.5315
5470 77.5315
5472 77.5315
5474 77.5315
5476 77.5315
5478 77.5315
5480 77.5315
5482 77.5315
5484 77.5315
5486 77.5315
5488 77.5315
5490 77.5315
5492 77.5315
5494 77.5315
5496 77.5315
5498 77.5315
5500 77.5315
5502 77.5315
5504 77.5315
5506 77.5315
5508 77.5315
5510 77.5315
5512 77.5315
5514 77.5315
5516 77.5315
5518 77.5315
5520 77.5315
5522 77.5315
5524 77.5315
5526 77.5315
5528 77.5315
5530 77.5315
5532 77.5315
5534 77.5315
5536 77.5315
5538 77.5315
5540 77.5315
5542 77.5315
5544 77.5315
5546 77.5315
5548 77.5315
5550 77.5315
5552 77.5315
5554 77.5315
5556 77.5315
5558 77.5315
5560 77.5315
5562 77.5315
5564 77.5315
5566 77.5315
5568 77.5315
5570 77.5315
5572 77.5315
5574 77.5315
5576 77.5315
5578 77.5315
5580 77.5315
5582 77.5315
5584 77.5315
5586 77.5315
5588 77.5315
5590 77.5315
5592 77.5315
5594 77.5315
5596 77.5315
5598 77.5315
5600 77.5315
5602 77.5315
5604 77.5315
5606 77.5315
5608 77.5315
5610 77.5315
5612 77.5315
5614 77.5315
5616 77.5315
5618 77.5315
5620 77.5315
5622 77.5315
5624 77.5315
5626 77.5315
5628 77.5315
5630 77.5315
5632 77.5315
5634 77.5315
5636 77.5315
5638 77.5315
5640 77.5315
5642 77.5315
5644 77.5315
5646 77.5315
5648 77.5315
5650 77.5315
5652 77.5315
5654 77.5315
5656 77.5315
5658 77.5315
5660 77.5315
5662 77.5315
5664 77.5315
5666 77.5315
5668 77.5315
5670 77.5315
5672 77.5315
5674 77.5315
5676 77.5315
5678 77.5315
5680 77.5315
5682 77.5315
5684 77.5315
5686 77.5315
5688 77.5315
5690 77.5315
5692 77.5315
5694 77.5315
5696 77.5315
5698 77.5315
5700 77.5315
5702 77.5315
5704 77.5315
5706 77.5315
5708 77.5315
5710 77.5315
5712 77.5315
5714 77.5315
5716 77.5315
5718 77.7101
5720 77.7101
5722 77.7101
5724 77.7101
5726 77.7101
5728 77.7101
5730 77.7101
5732 77.7101
5734 77.7101
5736 77.7101
5738 77.7101
5740 77.7101
5742 77.7101
5744 77.7101
5746 77.7101
5748 77.7101
5750 77.7101
5752 77.7101
5754 77.7101
5756 77.7101
5758 77.7101
5760 77.7101
5762 77.7101
5764 77.7101
5766 77.7101
5768 77.7101
5770 77.7101
5772 77.7101
5774 77.7101
5776 77.7101
5778 77.7101
5780 77.7101
5782 77.7101
5784 77.7101
5786 77.7101
5788 77.7101
5790 77.7101
5792 77.7101
5794 77.7101
5796 77.7101
5798 77.7101
5800 77.7101
5802 77.7101
5804 77.7101
5806 77.7101
5808 77.7101
5810 77.7101
5812 77.7101
5814 77.7101
5816 77.7101
5818 77.7101
5820 77.7101
5822 77.7101
5824 77.7101
5826 77.7101
5828 77.7101
5830 77.7101
5832 77.7101
5834 77.7101
5836 77.7101
5838 77.7101
5840 77.7101
5842 77.7101
5844 77.7101
5846 77.7101
5848 77.7101
5850 77.7101
5852 77.7101
5854 77.7101
5856 77.7101
5858 77.7101
5860 77.7101
5862 77.7101
5864 77.7101
5866 77.7101
5868 77.7101
5870 77.7101
5872 77.7101
5874 77.7101
5876 77.7101
5878 77.7101
5880 77.7101
5882 77.7101
5884 77.7101
5886 77.7101
5888 77.7101
5890 77.7101
5892 77.7101
5894 77.7101
5896 77.7101
5898 77.7101
5900 77.7101
5902 77.7101
5904 77.7101
5906 77.7101
5908 77.7101
5910 77.7101
5912 77.7101
5914 77.7101
5916 77.7101
5918 77.7101
5920 77.7101
5922 77.7101
5924 77.7101
5926 77.7101
5928 77.7101
5930 77.7101
5932 77.7101
5934 77.7101
5936 77.7101
5938 77.7101
5940 77.7101
5942 77.7101
5944 77.7101
5946 77.7101
5948 77.7101
5950 77.7101
5952 77.7101
5954 77.7101
5956 77.7101
5958 77.7101
5960 77.7101
5962 77.7101
5964 77.7101
5966 77.7101
5968 77.7101
5970 77.7101
5972 77.7101
5974 77.7101
5976 77.7101
5978 77.7101
5980 77.7101
5982 77.7101
5984 77.7101
5986 77.7101
5988 77.7101
5990 77.7101
5992 77.7101
5994 77.7101
5996 77.7101
5998 77.7101
6000 77.7101
6002 77.7101
6004 77.7101
6006 77.7101
6008 77.7101
6010 77.7101
6012 77.7101
6014 77.7101
6016 77.7101
6018 77.7101
6020 77.7101
6022 77.7101
6024 77.7101
6026 77.7101
6028 77.7101
6030 77.7101
6032 77.7101
6034 77.7101
6036 77.7101
6038 77.7101
6040 77.7101
6042 77.7101
6044 77.7101
6046 77.7101
6048 77.7101
6050 77.7101
6052 77.7101
6054 77.7101
6056 77.7101
6058 77.7101
6060 77.7101
6062 77.7101
6064 77.7101
6066 77.7101
6068 77.7101
6070 77.7101
6072 77.7101
6074 77.7101
6076 77.7101
6078 77.7101
6080 77.7101
6082 77.7101
6084 77.7101
6086 77.7101
6088 77.7101
6090 77.7101
6092 77.7101
6094 77.7101
6096 77.7101
6098 77.7101
6100 77.7101
6102 77.7101
6104 77.7101
6106 77.7101
6108 77.7101
6110 77.7101
6112 77.7101
6114 77.7101
6116 77.7101
6118 77.7101
6120 77.7101
6122 77.7101
6124 77.7101
6126 77.7101
6128 77.7101
6130 77.7101
6132 77.7101
6134 77.7101
6136 77.7101
6138 77.7101
6140 77.7101
6142 77.7101
6144 77.7101
6146 77.7101
6148 77.7101
6150 77.7101
6152 77.7101
6154 77.7101
6156 77.7101
6158 77.7101
6160 77.7101
6162 77.7101
6164 77.7101
6166 77.7101
6168 77.7101
6170 77.7101
6172 77.7101
6174 77.7101
6176 77.7101
6178 77.7101
6180 77.7101
6182 77.7101
6184 77.7101
6186 77.7101
6188 77.7101
6190 77.7101
6192 77.7101
6194 77.7101
6196 77.7101
6198 77.7101
6200 77.7101
6202 77.7101
6204 77.7101
6206 77.7101
6208 77.7101
6210 78.645
6212 78.645
6214 78.645
6216 78.645
6218 78.645
6220 78.645
6222 78.645
6224 78.645
6226 78.645
6228 78.645
6230 78.645
6232 78.645
6234 78.645
6236 78.645
6238 78.645
6240 78.645
6242 78.645
6244 78.645
6246 78.645
6248 78.645
6250 78.645
6252 78.645
6254 78.645
6256 78.645
6258 78.645
6260 78.645
6262 78.645
6264 78.645
6266 78.645
6268 78.645
6270 78.645
6272 78.645
6274 78.645
6276 78.645
6278 78.645
6280 78.645
6282 78.8235
6284 78.8235
6286 78.8235
6288 78.8235
6290 78.8235
6292 78.8235
6294 78.8235
6296 78.8235
6298 78.8235
6300 78.8235
6302 78.8235
6304 78.8235
6306 78.8235
6308 78.8235
6310 78.8235
6312 78.8235
6314 78.8235
6316 78.8235
6318 78.8235
6320 78.8235
6322 78.8235
6324 78.8235
6326 78.8235
6328 78.8235
6330 78.8235
6332 78.8235
6334 78.8235
6336 78.8235
6338 78.8235
6340 78.8235
6342 78.8235
6344 78.8235
6346 78.8235
6348 78.8235
6350 78.8235
6352 78.8235
6354 78.8235
6356 78.8235
6358 78.8235
6360 78.8235
6362 78.8235
6364 78.8235
6366 78.8235
6368 78.8235
6370 78.8235
6372 78.8235
6374 78.8235
6376 78.8235
6378 78.8235
6380 78.8235
6382 78.8235
6384 78.8235
6386 78.8235
6388 78.8235
6390 78.8235
6392 78.8235
6394 78.8235
6396 78.8235
6398 78.8235
6400 78.8235
6402 78.8235
6404 78.8235
6406 78.8235
6408 78.8235
6410 78.8235
6412 78.8235
6414 78.8235
6416 78.8235
6418 78.8235
6420 78.8235
6422 78.8235
6424 78.8235
6426 78.8235
6428 78.8235
6430 78.8235
6432 78.8235
6434 78.8235
6436 78.8235
6438 78.8235
6440 78.8235
6442 78.8235
6444 78.8235
6446 78.8235
6448 78.8235
6450 78.8235
6452 78.8235
6454 78.8235
6456 78.8235
6458 78.8235
6460 78.8235
6462 78.8235
6464 78.8235
6466 78.8235
6468 78.8235
6470 78.8235
6472 78.8235
6474 78.8235
6476 78.8235
6478 78.8235
6480 78.8235
6482 78.8235
6484 78.8235
6486 78.8235
6488 78.8235
6490 78.8235
6492 78.8235
6494 78.8235
6496 78.8235
6498 78.8235
6500 78.8235
6502 78.8235
6504 78.8235
6506 78.8235
6508 78.8235
6510 78.8235
6512 78.8235
6514 78.8235
6516 78.8235
6518 78.8235
6520 78.8235
6522 78.8235
6524 78.8235
6526 78.8235
6528 78.8235
6530 78.8235
6532 78.8235
6534 78.8235
6536 78.8235
6538 78.8235
6540 78.8235
6542 78.8235
6544 78.8235
6546 78.8235
6548 78.8235
6550 78.8235
6552 78.8235
6554 78.8235
6556 78.8235
6558 78.8235
6560 78.8235
6562 78.8235
6564 78.8235
6566 78.8235
6568 78.8235
6570 78.8235
6572 78.8235
6574 78.8235
6576 78.8235
6578 78.8235
6580 78.8235
6582 78.8235
6584 78.8235
6586 78.8235
6588 78.8235
6590 78.8235
6592 78.8235
6594 78.8235
6596 78.8235
6598 78.8235
6600 78.8235
6602 78.8235
6604 78.8235
6606 78.8235
6608 78.8235
6610 78.8235
6612 78.8235
6614 78.8235
6616 78.8235
6618 78.8235
6620 78.8235
6622 78.8235
6624 78.8235
6626 78.8235
6628 78.8235
6630 78.8235
6632 78.8235
6634 78.8235
6636 78.8235
6638 78.8235
6640 78.8235
6642 78.8235
6644 78.8235
6646 78.8235
6648 78.8235
6650 78.8235
6652 78.8235
6654 78.8235
6656 78.8235
6658 78.8235
6660 78.8235
6662 78.8235
6664 78.8235
6666 78.8235
6668 78.8235
6670 78.8235
6672 78.8235
6674 78.8235
6676 78.8235
6678 78.8235
6680 78.8235
6682 78.8235
6684 78.8235
6686 78.8235
6688 78.8235
6690 78.8235
6692 78.8235
6694 78.8235
6696 78.8235
6698 78.8235
6700 78.8235
6702 78.8235
6704 78.8235
6706 78.8235
6708 78.8235
6710 78.8235
6712 78.8235
6714 78.8235
6716 78.8235
6718 78.8235
6720 78.8235
6722 78.8235
6724 78.8235
6726 78.8235
6728 78.8235
6730 78.8235
6732 78.8235
6734 78.8235
6736 78.8235
6738 78.8235
6740 78.8235
6742 78.8235
6744 78.8235
6746 78.8235
6748 78.8235
6750 78.8235
6752 78.8235
6754 78.8235
6756 78.8235
6758 78.8235
6760 78.8235
6762 78.8235
6764 78.8235
6766 78.8235
6768 78.8235
6770 78.8235
6772 78.8235
6774 78.8235
6776 78.8235
6778 78.8235
6780 78.8235
6782 78.8235
6784 78.8235
6786 78.8235
6788 78.8235
6790 78.8235
6792 78.8235
6794 78.8235
6796 78.8235
6798 78.8235
6800 78.8235
6802 78.8235
6804 78.8235
6806 78.8235
6808 78.8235
6810 78.8235
6812 78.8235
6814 78.8235
6816 78.8235
6818 78.8235
6820 78.8235
6822 78.8235
6824 78.8235
6826 78.8235
6828 78.8235
6830 78.8235
6832 78.8235
6834 78.8235
6836 78.8235
6838 78.8235
6840 78.8235
6842 78.8235
6844 78.8235
6846 78.8235
6848 78.8235
6850 78.8235
6852 78.8235
6854 78.8235
6856 78.8235
6858 78.8235
6860 78.8235
6862 78.8235
6864 78.8235
6866 78.8235
6868 78.8235
6870 78.8235
6872 78.8235
6874 78.8235
6876 78.8235
6878 78.8235
6880 78.8235
6882 78.8235
6884 78.8235
6886 78.8235
6888 78.8235
6890 78.8235
6892 78.8235
6894 78.8235
6896 78.8235
6898 78.8235
6900 78.8235
6902 78.8235
6904 78.8235
6906 78.8235
6908 78.8235
6910 78.8235
6912 78.8235
6914 78.8235
6916 78.8235
6918 78.8235
6920 78.8235
6922 78.8235
6924 78.8235
6926 78.8235
6928 78.8235
6930 78.8235
6932 78.8235
6934 78.8235
6936 78.8235
6938 78.8235
6940 78.8235
6942 78.8235
6944 78.8235
6946 78.8235
6948 78.8235
6950 78.8235
6952 78.8235
6954 78.8235
6956 78.8235
6958 78.8235
6960 78.8235
6962 78.8235
6964 78.8235
6966 78.8235
6968 78.8235
6970 78.8235
6972 78.8235
6974 78.8235
6976 78.8235
6978 78.8235
6980 78.8235
6982 78.8235
6984 78.8235
6986 78.8235
6988 78.8235
6990 78.8235
6992 78.8235
6994 78.8235
6996 78.8235
6998 78.8235
7000 78.8235
7002 78.8235
7004 78.8235
7006 78.8235
7008 78.8235
7010 78.8235
7012 78.8235
7014 78.8235
7016 78.8235
7018 78.8235
7020 78.8235
7022 78.8235
7024 78.8235
7026 78.8235
7028 78.8235
7030 78.8235
7032 78.8235
7034 78.8235
7036 78.8235
7038 78.8235
7040 78.8235
7042 78.8235
7044 78.8235
7046 78.8235
7048 78.8235
7050 78.8235
7052 78.8235
7054 78.8235
7056 78.8235
7058 78.8235
7060 78.8235
7062 78.8235
7064 78.8235
7066 78.8235
7068 78.8235
7070 78.8235
7072 78.8235
7074 78.8235
7076 78.8235
7078 78.8235
7080 78.8235
7082 78.8235
7084 78.8235
7086 78.8235
7088 78.8235
7090 78.8235
7092 78.8235
7094 78.8235
7096 78.8235
7098 78.8235
7100 78.8235
7102 78.8235
7104 78.8235
7106 78.8235
7108 78.8235
7110 78.8235
7112 78.8235
7114 78.8235
7116 78.8235
7118 78.8235
7120 78.8235
7122 78.8235
7124 78.8235
7126 78.8235
7128 78.8235
7130 78.8235
7132 78.8235
7134 78.8235
7136 78.8235
7138 80.1155
7140 80.1155
7142 80.1155
7144 80.1155
7146 80.1155
7148 80.1155
7150 80.1155
7152 80.1155
7154 80.1155
7156 80.1155
7158 80.1155
7160 80.1155
7162 80.1155
7164 80.1155
7166 80.1155
7168 80.1155
7170 80.1155
7172 80.1155
7174 80.1155
7176 80.1155
7178 80.1155
7180 80.1155
7182 80.1155
7184 80.1155
7186 80.1155
7188 80.1155
7190 80.1155
7192 80.1155
7194 80.1155
7196 80.1155
7198 80.1155
7200 80.1155
7202 80.1155
7204 80.1155
7206 80.1155
7208 80.1155
7210 80.1155
7212 80.1155
7214 80.1155
7216 80.1155
7218 80.1155
7220 80.1155
7222 80.1155
7224 80.1155
7226 80.1155
7228 80.1155
7230 80.1155
7232 80.1155
7234 80.1155
7236 80.1155
7238 80.1155
7240 80.1155
7242 80.1155
7244 80.1155
7246 80.1155
7248 80.1155
7250 80.1155
7252 80.1155
7254 80.1155
7256 80.1155
7258 80.1155
7260 80.1155
7262 80.1155
7264 80.1155
7266 80.1155
7268 80.1155
7270 80.1155
7272 80.1155
7274 80.1155
7276 80.1155
7278 80.1155
7280 80.1155
7282 80.1155
7284 80.1155
7286 80.1155
7288 80.1155
7290 80.1155
7292 80.1155
7294 80.1155
7296 80.1155
7298 80.1155
7300 80.1155
7302 80.1155
7304 80.1155
7306 80.1155
7308 80.1155
7310 80.1155
7312 80.1155
7314 80.1155
7316 80.1155
7318 80.1155
7320 80.1155
7322 80.1155
7324 80.1155
7326 80.1155
7328 80.1155
7330 80.1155
7332 80.1155
7334 80.1155
7336 80.1155
7338 80.1155
7340 80.1155
7342 80.1155
7344 80.1155
7346 80.1155
7348 80.1155
7350 80.1155
7352 80.1155
7354 80.1155
7356 80.1155
7358 80.1155
7360 80.1155
7362 80.1155
7364 80.1155
7366 80.1155
7368 80.1155
7370 80.1155
7372 80.1155
7374 80.1155
7376 80.1155
7378 80.1155
7380 80.1155
7382 80.1155
7384 80.1155
7386 80.1155
7388 80.1155
7390 80.1155
7392 80.1155
7394 80.1155
7396 80.1155
7398 80.1155
7400 80.1155
7402 80.1155
7404 80.1155
7406 80.1155
7408 80.1155
7410 80.1155
7412 80.1155
7414 80.1155
7416 80.1155
7418 80.1155
7420 80.1155
7422 80.1155
7424 80.1155
7426 80.1155
7428 80.1155
7430 80.1155
7432 80.1155
7434 80.1155
7436 80.1155
7438 80.1155
7440 80.1155
7442 80.1155
7444 80.1155
7446 80.1155
7448 80.1155
7450 80.1155
7452 80.1155
7454 80.1155
7456 80.1155
7458 80.1155
7460 80.1155
7462 80.1155
7464 80.1155
7466 80.1155
7468 80.1155
7470 80.1155
7472 80.1155
7474 80.1155
7476 80.1155
7478 80.1155
7480 80.1155
7482 80.1155
7484 80.1155
7486 80.1155
7488 80.1155
7490 80.1155
7492 80.1155
7494 80.1155
7496 80.1155
7498 80.1155
7500 80.1155
7502 80.1155
7504 80.1155
7506 80.1155
7508 80.1155
7510 80.1155
7512 80.1155
7514 80.1155
7516 80.1155
7518 80.1155
7520 80.1155
7522 80.1155
7524 80.1155
7526 80.1155
7528 80.1155
7530 80.1155
7532 80.1155
7534 80.1155
7536 80.1155
7538 80.1155
7540 80.1155
7542 80.1155
7544 80.1155
7546 80.1155
7548 80.1155
7550 80.1155
7552 80.1155
7554 80.1155
7556 80.1155
7558 80.1155
7560 80.1155
7562 80.1155
7564 80.1155
7566 80.1155
7568 80.1155
7570 80.1155
7572 80.1155
7574 80.1155
7576 80.1155
7578 80.1155
7580 80.1155
7582 80.1155
7584 80.1155
7586 80.1155
7588 80.1155
7590 80.1155
7592 80.1155
7594 80.1155
7596 80.1155
7598 80.1155
7600 80.1155
7602 80.1155
7604 80.1155
7606 80.1155
7608 80.1155
7610 80.1155
7612 80.1155
7614 80.1155
7616 80.1155
7618 80.1155
7620 80.1155
7622 80.1155
7624 80.1155
7626 80.1155
7628 80.1155
7630 80.1155
7632 80.1155
7634 80.1155
7636 80.1155
7638 80.1155
7640 80.1155
7642 80.1155
7644 80.1155
7646 80.1155
7648 80.1155
7650 80.1155
7652 80.1155
7654 80.1155
7656 80.1155
7658 80.1155
7660 80.1155
7662 80.1155
7664 80.1155
7666 80.1155
7668 80.1155
7670 80.1155
7672 80.1155
7674 80.1155
7676 80.1155
7678 80.1155
7680 80.1155
7682 80.1155
7684 80.1155
7686 80.1155
7688 80.1155
7690 80.1155
7692 80.1155
7694 80.1155
7696 80.1155
7698 80.1155
7700 80.1155
7702 80.1155
7704 80.1155
7706 80.1155
7708 80.1155
7710 80.1155
7712 80.1155
7714 80.1155
7716 80.1155
7718 80.1155
7720 80.1155
7722 80.1155
7724 80.1155
7726 80.1155
7728 80.1155
7730 80.1155
7732 80.1155
7734 80.1155
7736 80.1155
7738 80.1155
7740 80.1155
7742 80.1155
7744 80.1155
7746 80.1155
7748 80.1155
7750 80.1155
7752 80.1155
7754 80.1155
7756 80.1155
7758 80.1155
7760 80.1155
7762 80.1155
7764 80.1155
7766 80.1155
7768 80.1155
7770 80.1155
7772 80.1155
7774 80.1155
7776 80.1155
7778 80.1155
7780 80.1155
7782 80.1155
7784 80.1155
7786 80.1155
7788 80.1155
7790 80.1155
7792 80.1155
7794 80.1155
7796 80.1155
7798 80.1155
7800 80.1155
7802 80.1155
7804 80.1155
7806 80.1155
7808 80.1155
7810 80.1155
7812 80.1155
7814 80.1155
7816 80.1155
7818 80.1155
7820 80.1155
7822 80.1155
7824 80.1155
7826 80.1155
7828 80.1155
7830 80.1155
7832 80.1155
7834 80.1155
7836 80.1155
7838 80.1155
7840 80.1155
7842 80.1155
7844 80.1155
7846 80.1155
7848 80.1155
7850 80.1155
7852 80.1155
7854 80.1155
7856 80.1155
7858 80.1155
7860 80.1155
7862 80.1155
7864 80.1155
7866 80.1155
7868 80.1155
7870 80.1155
7872 80.1155
7874 80.1155
7876 80.1155
7878 80.1155
7880 80.1155
7882 80.1155
7884 80.1155
7886 80.1155
7888 80.1155
7890 80.1155
7892 80.1155
7894 80.1155
7896 80.1155
7898 80.1155
7900 80.1155
7902 80.1155
7904 80.1155
7906 80.1155
7908 80.1155
7910 80.1155
7912 80.1155
7914 80.1155
7916 80.1155
7918 80.1155
7920 80.1155
7922 80.1155
7924 80.1155
7926 80.1155
7928 80.1155
7930 80.1155
7932 80.1155
7934 80.1155
7936 80.1155
7938 80.1155
7940 80.1155
7942 80.1155
7944 80.1155
7946 80.1155
7948 80.1155
7950 80.1155
7952 80.1155
7954 80.1155
7956 80.1155
7958 80.1155
7960 80.1155
7962 80.1155
7964 80.1155
7966 80.1155
7968 80.1155
7970 80.1155
7972 80.1155
7974 80.1155
7976 80.1155
7978 80.1155
7980 80.1155
7982 80.1155
7984 80.1155
7986 80.1155
7988 80.1155
7990 80.1155
7992 80.1155
7994 80.1155
7996 80.1155
7998 80.1155
8000 80.1155
8002 80.1155
8004 80.1155
8006 80.1155
8008 80.1155
8010 80.1155
8012 80.1155
8014 80.1155
8016 80.1155
8018 80.1155
8020 80.1155
8022 80.1155
8024 80.1155
8026 80.1155
8028 80.1155
8030 80.1155
8032 80.1155
8034 80.1155
8036 80.1155
8038 80.1155
8040 80.1155
8042 80.1155
8044 80.1155
8046 80.1155
8048 80.1155
8050 80.1155
8052 80.1155
8054 80.1155
8056 80.1155
8058 80.1155
8060 80.1155
8062 80.1155
8064 80.1155
8066 80.1155
8068 80.1155
8070 80.1155
8072 80.1155
8074 80.1155
8076 80.1155
8078 80.1155
8080 80.1155
8082 80.1155
8084 80.1155
8086 80.1155
8088 80.1155
8090 80.1155
8092 80.1155
8094 80.1155
8096 80.1155
8098 80.1155
8100 80.1155
8102 80.1155
8104 80.1155
8106 80.1155
8108 80.1155
8110 80.1155
8112 80.1155
8114 80.1155
8116 80.1155
8118 80.1155
8120 80.1155
8122 80.1155
8124 80.1155
8126 80.1155
8128 80.1155
8130 80.1155
8132 80.1155
8134 80.1155
8136 80.1155
8138 80.1155
8140 80.1155
8142 80.1155
8144 80.1155
8146 80.1155
8148 80.1155
8150 80.1155
8152 80.1155
8154 80.1155
8156 80.1155
8158 80.1155
8160 80.1155
8162 80.1155
8164 80.1155
8166 80.1155
8168 80.1155
8170 80.1155
8172 80.1155
8174 80.1155
8176 80.1155
8178 80.1155
8180 80.1155
8182 80.1155
8184 80.1155
8186 80.1155
8188 80.1155
8190 80.1155
8192 80.1155
8194 80.1155
8196 80.1155
8198 80.1155
8200 80.1155
8202 80.1155
8204 80.1155
8206 80.1155
8208 80.1155
8210 80.1155
8212 80.1155
8214 80.1155
8216 80.1155
8218 80.1155
8220 80.1155
8222 80.1155
8224 80.1155
8226 80.1155
8228 80.1155
8230 80.1155
8232 80.1155
8234 80.1155
8236 80.1155
8238 80.1155
8240 80.1155
8242 80.1155
8244 80.1155
8246 80.1155
8248 80.1155
8250 80.1155
8252 80.1155
8254 80.1155
8256 80.1155
8258 80.1155
8260 80.1155
8262 80.1155
8264 80.1155
8266 80.1155
8268 80.1155
8270 80.1155
8272 80.1155
8274 80.1155
8276 80.1155
8278 80.1155
8280 80.1155
8282 80.1155
8284 80.1155
8286 80.1155
8288 80.1155
8290 80.1155
8292 80.1155
8294 80.1155
8296 80.1155
8298 80.1155
8300 80.1155
8302 80.1155
8304 80.1155
8306 80.1155
8308 80.1155
8310 80.1155
8312 80.1155
8314 80.1155
8316 80.1155
8318 80.1155
8320 80.1155
8322 80.1155
8324 80.1155
8326 80.1155
8328 80.1155
8330 80.1155
8332 80.1155
8334 80.1155
8336 80.1155
8338 80.1155
8340 80.1155
8342 80.1155
8344 80.1155
8346 80.1155
8348 80.1155
8350 80.1155
8352 80.1155
8354 80.1155
8356 80.1155
8358 80.1155
8360 80.1155
8362 80.1155
8364 80.1155
8366 80.1155
8368 80.1155
8370 80.1155
8372 80.1155
8374 80.1155
8376 80.1155
8378 80.1155
8380 80.1155
8382 80.1155
8384 80.1155
8386 80.1155
8388 80.1155
8390 80.1155
8392 80.1155
8394 80.1155
8396 80.1155
8398 80.1155
8400 80.1155
8402 80.1155
8404 80.1155
8406 80.1155
8408 80.1155
8410 80.1155
8412 80.1155
8414 80.1155
8416 80.1155
8418 80.1155
8420 80.1155
8422 80.1155
8424 80.1155
8426 80.1155
8428 80.1155
8430 80.1155
8432 80.1155
8434 80.1155
8436 80.1155
8438 80.1155
8440 80.1155
8442 80.1155
8444 80.1155
8446 80.1155
8448 80.1155
8450 80.1155
8452 80.1155
8454 80.1155
8456 80.1155
8458 80.1155
8460 80.1155
8462 80.1155
8464 80.1155
8466 80.1155
8468 80.1155
8470 80.1155
8472 80.1155
8474 80.1155
8476 80.1155
8478 80.1155
8480 80.1155
8482 80.1155
8484 80.1155
8486 80.1155
8488 80.1155
8490 80.1155
8492 80.1155
8494 80.1155
8496 80.1155
8498 80.1155
8500 80.1155
8502 80.1155
8504 80.1155
8506 80.1155
8508 80.1155
8510 80.1155
8512 80.1155
8514 80.1155
8516 80.1155
8518 80.1155
8520 80.1155
8522 80.1155
8524 80.1155
8526 80.1155
8528 80.1155
8530 80.1155
8532 80.1155
8534 80.1155
8536 80.1155
8538 80.1155
8540 80.1155
8542 80.1155
8544 80.1155
8546 80.1155
8548 80.1155
8550 80.1155
8552 80.1155
8554 80.1155
8556 80.1155
8558 80.1155
8560 80.1155
8562 80.1155
8564 80.1155
8566 80.1155
8568 80.1155
8570 80.1155
8572 80.1155
8574 80.1155
8576 80.1155
8578 80.1155
8580 80.1155
8582 80.1155
8584 80.1155
8586 80.1155
8588 80.1155
8590 80.1155
8592 80.1155
8594 80.1155
8596 80.1155
8598 80.1155
8600 80.1155
8602 80.1155
8604 80.1155
8606 80.1155
8608 80.1155
8610 80.1155
8612 80.1155
8614 80.1155
8616 80.1155
8618 80.1155
8620 80.1155
8622 80.1155
8624 80.1155
8626 80.1155
8628 80.1155
8630 80.1155
8632 80.1155
8634 80.1155
8636 80.1155
8638 80.1155
8640 80.1155
8642 80.1155
8644 80.1155
8646 80.1155
8648 80.1155
8650 80.1155
8652 80.1155
8654 80.1155
8656 80.1155
8658 80.1155
8660 80.1155
8662 80.1155
8664 80.1155
8666 80.1155
8668 80.1155
8670 81.5861
8672 81.5861
8674 81.5861
8676 81.5861
8678 81.5861
8680 81.5861
8682 81.5861
8684 81.5861
8686 81.5861
8688 81.5861
8690 81.5861
8692 81.5861
8694 81.5861
8696 81.5861
8698 81.5861
8700 81.5861
8702 81.5861
8704 81.5861
8706 81.5861
8708 81.5861
8710 81.5861
8712 81.5861
8714 81.5861
8716 81.5861
8718 81.5861
8720 81.5861
8722 81.5861
8724 81.5861
8726 81.5861
8728 81.5861
8730 81.5861
8732 81.5861
8734 81.5861
8736 81.5861
8738 81.5861
8740 81.5861
8742 81.5861
8744 81.5861
8746 81.5861
8748 81.5861
8750 81.5861
8752 81.5861
8754 81.5861
8756 81.5861
8758 81.5861
8760 81.5861
8762 81.5861
8764 81.5861
8766 81.5861
8768 81.5861
8770 81.5861
8772 81.5861
8774 81.5861
8776 81.5861
8778 81.5861
8780 81.5861
8782 81.5861
8784 81.5861
8786 81.5861
8788 81.5861
8790 81.5861
8792 81.5861
8794 81.5861
8796 81.5861
8798 81.5861
8800 81.5861
8802 81.5861
8804 81.5861
8806 81.5861
8808 81.5861
8810 81.5861
8812 81.5861
8814 81.5861
8816 81.5861
8818 81.5861
8820 81.5861
8822 81.5861
8824 81.5861
8826 81.5861
8828 81.5861
8830 81.5861
8832 81.5861
8834 81.5861
8836 81.5861
8838 81.5861
8840 81.5861
8842 81.5861
8844 81.5861
8846 81.5861
8848 81.5861
8850 81.5861
8852 81.5861
8854 81.5861
8856 81.5861
8858 81.5861
8860 81.5861
8862 81.5861
8864 81.5861
8866 81.5861
8868 81.5861
8870 81.5861
8872 81.5861
8874 81.5861
8876 81.5861
8878 81.5861
8880 81.5861
8882 81.5861
8884 81.5861
8886 81.5861
8888 81.5861
8890 81.5861
8892 81.5861
8894 81.5861
8896 81.5861
8898 81.5861
8900 81.5861
8902 81.5861
8904 81.5861
8906 81.5861
8908 81.5861
8910 81.5861
8912 81.5861
8914 81.5861
8916 81.5861
8918 81.5861
8920 81.5861
8922 81.5861
8924 81.5861
8926 81.5861
8928 81.5861
8930 81.5861
8932 81.5861
8934 81.5861
8936 81.5861
8938 81.5861
8940 81.5861
8942 81.5861
8944 81.5861
8946 81.5861
8948 81.5861
8950 81.5861
8952 81.5861
8954 81.5861
8956 81.5861
8958 81.5861
8960 81.5861
8962 81.5861
8964 81.5861
8966 81.5861
8968 81.5861
8970 81.5861
8972 81.5861
8974 81.5861
8976 81.5861
8978 81.5861
8980 81.5861
8982 81.5861
8984 81.5861
8986 81.5861
8988 81.5861
8990 81.5861
8992 81.5861
8994 81.5861
8996 81.5861
8998 81.5861
9000 81.5861
9002 81.5861
9004 81.5861
9006 81.5861
9008 81.5861
9010 81.5861
9012 81.5861
9014 81.5861
9016 81.5861
9018 81.5861
9020 81.5861
9022 81.5861
9024 81.5861
9026 81.5861
9028 81.5861
9030 81.5861
9032 81.5861
9034 81.5861
9036 81.5861
9038 81.5861
9040 81.5861
9042 81.5861
9044 81.5861
9046 81.5861
9048 81.5861
9050 81.5861
9052 81.5861
9054 81.5861
9056 81.5861
9058 81.5861
9060 81.5861
9062 81.5861
9064 81.5861
9066 81.5861
9068 81.5861
9070 81.5861
9072 81.5861
9074 81.5861
9076 81.5861
9078 81.5861
9080 81.5861
9082 81.5861
9084 81.5861
9086 81.5861
9088 81.5861
9090 81.5861
9092 81.5861
9094 81.5861
9096 81.5861
9098 81.5861
9100 81.5861
9102 81.5861
9104 81.5861
9106 81.5861
9108 81.5861
9110 81.5861
9112 81.5861
9114 81.5861
9116 81.5861
9118 81.5861
9120 81.5861
9122 81.5861
9124 81.5861
9126 81.5861
9128 81.5861
9130 81.5861
9132 81.5861
9134 81.5861
9136 81.5861
9138 81.5861
9140 81.5861
9142 81.5861
9144 81.5861
9146 81.5861
9148 81.5861
9150 81.5861
9152 81.5861
9154 81.5861
9156 81.5861
9158 81.5861
9160 81.5861
9162 81.5861
9164 81.5861
9166 81.5861
9168 81.5861
9170 81.5861
9172 81.5861
9174 81.5861
9176 81.5861
9178 81.5861
9180 81.5861
9182 81.5861
9184 81.5861
9186 81.5861
9188 81.5861
9190 81.5861
9192 81.5861
9194 81.5861
9196 81.5861
9198 81.5861
9200 81.5861
9202 81.5861
9204 81.5861
9206 81.5861
9208 81.5861
9210 81.5861
9212 81.5861
9214 81.5861
9216 81.5861
9218 81.5861
9220 81.5861
9222 81.5861
9224 81.5861
9226 81.5861
9228 81.5861
9230 81.5861
9232 81.5861
9234 81.5861
9236 81.5861
9238 81.5861
9240 81.5861
9242 81.5861
9244 81.5861
9246 81.5861
9248 81.5861
9250 81.5861
9252 81.5861
9254 81.5861
9256 81.5861
9258 81.5861
9260 81.5861
9262 81.5861
9264 81.5861
9266 81.5861
9268 81.5861
9270 81.5861
9272 81.5861
9274 81.5861
9276 81.5861
9278 81.5861
9280 81.5861
9282 81.5861
9284 81.5861
9286 81.5861
9288 81.5861
9290 81.5861
9292 81.5861
9294 81.5861
9296 81.5861
9298 81.5861
9300 81.5861
9302 81.5861
9304 81.5861
9306 81.5861
9308 81.5861
9310 81.5861
9312 81.5861
9314 81.5861
9316 81.5861
9318 81.5861
9320 81.5861
9322 81.5861
9324 81.5861
9326 81.5861
9328 81.5861
9330 81.5861
9332 81.5861
9334 81.5861
9336 81.5861
9338 81.5861
9340 81.5861
9342 81.5861
9344 81.5861
9346 81.5861
9348 81.5861
9350 81.5861
9352 81.5861
9354 81.5861
9356 81.5861
9358 81.5861
9360 81.5861
9362 81.5861
9364 81.5861
9366 81.5861
9368 81.5861
9370 81.5861
9372 81.5861
9374 81.5861
9376 81.5861
9378 81.5861
9380 81.5861
9382 81.5861
9384 81.5861
9386 81.5861
9388 81.5861
9390 81.5861
9392 81.5861
9394 81.5861
9396 81.5861
9398 81.5861
9400 81.5861
9402 81.5861
9404 81.5861
9406 81.5861
9408 81.5861
9410 81.5861
9412 81.5861
9414 81.5861
9416 81.5861
9418 81.5861
9420 81.5861
9422 81.5861
9424 81.5861
9426 81.5861
9428 81.5861
9430 81.5861
9432 81.5861
9434 81.5861
9436 81.5861
9438 81.5861
9440 81.5861
9442 81.5861
9444 81.5861
9446 81.5861
9448 81.5861
9450 81.5861
9452 81.5861
9454 81.5861
9456 81.5861
9458 81.5861
9460 81.5861
9462 81.5861
9464 81.5861
9466 81.5861
9468 81.5861
9470 81.5861
9472 81.5861
9474 81.5861
9476 81.5861
9478 81.5861
9480 81.5861
9482 81.5861
9484 81.5861
9486 81.5861
9488 81.5861
9490 81.5861
9492 81.5861
9494 81.5861
9496 81.5861
9498 81.5861
9500 81.5861
9502 81.5861
9504 81.5861
9506 81.5861
9508 81.5861
9510 81.5861
9512 81.5861
9514 81.5861
9516 81.5861
9518 81.5861
9520 81.5861
9522 81.5861
9524 81.5861
9526 81.5861
9528 81.5861
9530 81.5861
9532 81.5861
9534 81.5861
9536 81.5861
9538 81.5861
9540 81.5861
9542 81.5861
9544 81.5861
9546 81.5861
9548 81.5861
9550 81.5861
9552 81.5861
9554 81.5861
9556 81.5861
9558 81.5861
9560 81.5861
9562 81.5861
9564 81.5861
9566 81.5861
9568 81.5861
9570 81.5861
9572 81.5861
9574 81.5861
9576 81.5861
9578 81.5861
9580 81.5861
9582 81.5861
9584 81.5861
9586 81.5861
9588 81.5861
9590 81.5861
9592 81.5861
9594 81.5861
9596 81.5861
9598 81.5861
9600 81.5861
9602 81.5861
9604 81.5861
9606 81.5861
9608 81.5861
9610 81.5861
9612 81.5861
9614 81.5861
9616 81.5861
9618 81.5861
9620 81.5861
9622 81.5861
9624 81.5861
9626 81.5861
9628 81.5861
9630 81.5861
9632 81.5861
9634 81.5861
9636 81.5861
9638 81.5861
9640 81.5861
9642 81.5861
9644 81.5861
9646 81.5861
9648 81.5861
9650 81.5861
9652 81.5861
9654 81.5861
9656 81.5861
9658 81.5861
9660 81.5861
9662 81.5861
9664 81.5861
9666 81.5861
9668 81.5861
9670 81.5861
9672 81.5861
9674 81.5861
9676 81.5861
9678 81.5861
9680 81.5861
9682 81.5861
9684 81.5861
9686 81.5861
9688 81.5861
9690 81.5861
9692 81.5861
9694 81.5861
9696 81.5861
9698 81.5861
9700 81.5861
9702 81.5861
9704 81.5861
9706 82.1639
9708 82.1639
9710 82.1639
9712 82.1639
9714 82.1639
9716 82.1639
9718 82.1639
9720 82.1639
9722 82.1639
9724 82.1639
9726 82.1639
9728 82.1639
9730 82.1639
9732 82.1639
9734 82.1639
9736 82.1639
9738 82.1639
9740 82.1639
9742 82.1639
9744 82.1639
9746 82.1639
9748 82.1639
9750 82.1639
9752 82.1639
9754 82.1639
9756 82.1639
9758 82.1639
9760 82.1639
9762 82.1639
9764 82.1639
9766 82.1639
9768 82.1639
9770 82.1639
9772 82.1639
9774 82.1639
9776 82.1639
9778 82.1639
9780 82.1639
9782 82.1639
9784 82.1639
9786 82.1639
9788 82.1639
9790 82.1639
9792 82.1639
9794 82.1639
9796 82.1639
9798 82.1639
9800 82.1639
9802 82.1639
9804 82.1639
9806 82.1639
9808 82.1639
9810 82.1639
9812 82.1639
9814 82.1639
9816 82.1639
9818 82.1639
9820 82.1639
9822 82.1639
9824 82.1639
9826 82.1639
9828 82.1639
9830 82.1639
9832 82.1639
9834 82.1639
9836 82.1639
9838 82.1639
9840 82.1639
9842 82.1639
9844 82.1639
9846 82.1639
9848 82.1639
9850 82.1639
9852 82.1639
9854 82.1639
9856 82.1639
9858 82.1639
9860 82.1639
9862 82.1639
9864 82.1639
9866 82.1639
9868 82.1639
9870 82.1639
9872 82.1639
9874 82.1639
9876 82.1639
9878 82.1639
9880 82.1639
9882 82.1639
9884 82.1639
9886 82.1639
9888 82.1639
9890 82.1639
9892 82.1639
9894 82.1639
9896 82.1639
9898 82.1639
9900 82.1639
9902 82.1639
9904 82.1639
9906 82.1639
9908 82.1639
9910 82.1639
9912 82.1639
9914 82.1639
9916 82.1639
9918 82.1639
9920 82.1639
9922 82.1639
9924 82.1639
9926 82.1639
9928 82.1639
9930 82.1639
9932 82.1639
9934 82.1639
9936 82.1639
9938 82.1639
9940 82.1639
9942 82.1639
9944 82.1639
9946 82.1639
9948 82.1639
9950 82.1639
9952 82.1639
9954 82.1639
9956 82.1639
9958 82.1639
9960 82.1639
9962 82.1639
9964 82.1639
9966 82.1639
9968 82.1639
9970 82.1639
9972 82.1639
9974 82.1639
9976 82.1639
9978 82.1639
9980 82.1639
9982 82.1639
9984 82.1639
9986 82.1639
9988 82.1639
9990 82.1639
9992 82.1639
9994 82.1639
9996 82.1639
9998 82.1639
10000 82.1639
10002 82.1639
10004 82.1639
10006 82.1639
10008 82.1639
10010 82.1639
10012 82.1639
10014 82.1639
10016 82.1639
10018 82.1639
10020 82.1639
10022 82.1639
10024 82.1639
10026 82.1639
10028 82.1639
10030 82.1639
10032 82.1639
10034 82.1639
10036 82.1639
10038 82.1639
10040 82.1639
10042 82.1639
10044 82.1639
10046 82.1639
10048 82.1639
10050 82.1639
10052 82.1639
10054 82.1639
10056 82.1639
10058 82.1639
10060 82.1639
10062 82.1639
10064 82.1639
10066 82.1639
10068 82.1639
10070 82.1639
10072 82.1639
10074 82.1639
10076 82.1639
10078 82.1639
10080 82.1639
10082 82.1639
10084 82.1639
10086 82.1639
10088 82.1639
10090 82.1639
10092 82.1639
10094 82.1639
10096 82.1639
10098 82.1639
10100 82.1639
10102 82.1639
10104 82.1639
10106 82.1639
10108 82.1639
10110 82.1639
10112 82.1639
10114 82.1639
10116 82.1639
10118 82.1639
10120 82.1639
10122 82.1639
10124 82.1639
10126 82.1639
10128 82.1639
10130 82.1639
10132 82.1639
10134 82.1639
10136 82.1639
10138 82.1639
10140 82.1639
10142 82.1639
10144 82.1639
10146 82.1639
10148 82.1639
10150 82.1639
10152 82.1639
10154 82.1639
10156 82.1639
10158 82.1639
10160 82.1639
10162 82.1639
10164 82.1639
10166 82.1639
10168 82.1639
10170 82.1639
10172 82.1639
10174 82.1639
10176 82.1639
10178 82.1639
10180 82.1639
10182 82.1639
10184 82.1639
10186 82.1639
10188 82.1639
10190 82.1639
10192 82.1639
10194 82.1639
10196 82.1639
10198 82.1639
10200 82.1639
10202 82.1639
10204 82.1639
10206 82.1639
10208 82.1639
10210 82.1639
10212 82.1639
10214 82.1639
10216 82.1639
10218 82.1639
10220 82.1639
10222 82.1639
10224 82.1639
10226 82.1639
10228 82.1639
10230 82.1639
10232 82.1639
10234 82.1639
10236 82.1639
10238 82.1639
10240 82.1639
10242 82.1639
10244 82.1639
10246 82.1639
10248 82.1639
10250 82.1639
10252 82.1639
10254 82.1639
10256 82.1639
10258 82.1639
10260 82.1639
10262 82.1639
10264 82.1639
10266 82.1639
10268 82.1639
10270 82.1639
10272 82.1639
10274 82.1639
10276 82.1639
10278 82.1639
10280 82.1639
10282 82.1639
10284 82.1639
10286 82.1639
10288 82.1639
10290 82.1639
10292 82.1639
10294 82.1639
10296 82.1639
10298 82.1639
10300 82.1639
10302 82.1639
10304 82.1639
10306 82.1639
10308 82.1639
10310 82.1639
10312 82.1639
10314 82.1639
10316 82.1639
10318 82.1639
10320 82.1639
10322 82.1639
10324 82.1639
10326 82.1639
10328 82.1639
10330 82.1639
10332 82.1639
10334 82.1639
10336 82.1639
10338 82.1639
10340 82.1639
10342 82.1639
10344 82.1639
10346 82.1639
10348 82.1639
10350 82.1639
10352 82.1639
10354 82.1639
10356 82.1639
10358 82.1639
10360 82.1639
10362 82.1639
10364 82.1639
10366 82.1639
10368 82.1639
10370 82.1639
10372 82.1639
10374 82.1639
10376 82.1639
10378 82.1639
10380 82.1639
10382 82.1639
10384 82.1639
10386 82.1639
10388 82.1639
10390 82.1639
10392 82.1639
10394 82.1639
10396 82.1639
10398 82.1639
10400 82.1639
10402 82.1639
10404 82.1639
10406 82.1639
10408 82.1639
10410 82.1639
10412 82.1639
10414 82.1639
10416 82.1639
10418 82.1639
10420 82.1639
10422 82.1639
10424 82.1639
10426 82.1639
10428 82.1639
10430 82.1639
10432 82.1639
10434 82.1639
10436 82.1639
10438 82.1639
10440 82.1639
10442 82.1639
10444 82.1639
10446 82.1639
10448 82.1639
10450 82.1639
10452 82.1639
10454 82.1639
10456 82.1639
10458 82.1639
10460 82.1639
10462 82.1639
10464 82.1639
10466 82.1639
10468 82.1639
10470 82.1639
10472 82.1639
10474 82.1639
10476 82.1639
10478 82.1639
10480 82.1639
10482 82.1639
10484 82.1639
10486 82.1639
10488 82.1639
10490 82.1639
10492 82.1639
10494 82.1639
10496 82.1639
10498 82.1639
10500 82.1639
10502 82.1639
10504 82.1639
10506 82.1639
10508 82.1639
10510 82.1639
10512 82.1639
10514 82.1639
10516 82.1639
10518 82.1639
10520 82.1639
10522 82.1639
10524 82.1639
10526 82.1639
10528 82.1639
10530 82.1639
10532 82.1639
10534 82.1639
10536 82.1639
10538 82.1639
10540 82.1639
10542 82.1639
10544 82.1639
10546 82.1639
10548 82.1639
10550 82.1639
10552 82.1639
10554 82.1639
10556 82.1639
10558 82.1639
10560 82.1639
10562 82.1639
10564 82.1639
10566 82.1639
10568 82.1639
10570 82.1639
10572 82.1639
10574 82.1639
10576 82.1639
10578 82.1639
10580 82.1639
10582 82.1639
10584 82.1639
10586 82.1639
10588 82.1639
10590 82.1639
10592 82.1639
10594 82.1639
10596 82.1639
10598 82.1639
10600 82.1639
10602 82.1639
10604 82.1639
10606 82.1639
10608 82.1639
10610 82.1639
10612 82.1639
10614 82.1639
10616 82.1639
10618 82.1639
10620 82.1639
10622 82.1639
10624 82.1639
10626 82.1639
10628 82.1639
10630 82.1639
10632 82.1639
10634 82.1639
10636 82.1639
10638 82.1639
10640 82.1639
10642 82.1639
10644 82.1639
10646 82.1639
10648 82.1639
10650 82.1639
10652 82.1639
10654 82.1639
10656 82.1639
10658 82.1639
10660 82.1639
10662 82.1639
10664 82.1639
10666 82.1639
10668 82.1639
10670 82.1639
10672 82.1639
10674 82.1639
10676 82.1639
10678 82.1639
10680 82.1639
10682 82.1639
10684 82.1639
10686 82.1639
10688 82.1639
10690 82.1639
10692 82.1639
10694 82.1639
10696 82.1639
10698 82.1639
10700 82.1639
10702 82.1639
10704 82.1639
10706 82.1639
10708 82.1639
10710 82.1639
10712 82.1639
10714 82.1639
10716 82.1639
10718 82.1639
10720 82.1639
10722 82.1639
10724 82.1639
10726 82.1639
10728 82.1639
10730 82.1639
10732 82.1639
10734 82.1639
10736 82.1639
10738 82.1639
10740 82.1639
10742 82.1639
10744 82.1639
10746 82.1639
10748 82.1639
10750 82.1639
10752 82.1639
10754 82.1639
10756 82.1639
10758 82.1639
10760 82.1639
10762 82.1639
10764 82.1639
10766 82.1639
10768 82.1639
10770 82.1639
10772 82.1639
10774 82.1639
10776 82.1639
10778 82.1639
10780 82.1639
10782 82.1639
10784 82.1639
10786 82.1639
10788 82.1639
10790 82.1639
10792 82.1639
10794 82.1639
10796 82.1639
10798 82.1639
10800 82.1639
10802 82.1639
10804 82.1639
10806 82.1639
10808 82.1639
10810 82.1639
10812 82.1639
10814 82.1639
10816 82.1639
10818 82.1639
10820 82.1639
10822 82.1639
10824 82.1639
10826 82.1639
10828 82.1639
10830 82.1639
10832 82.1639
10834 82.1639
10836 82.1639
10838 82.1639
10840 82.1639
10842 82.1639
10844 82.1639
10846 82.1639
10848 82.1639
10850 82.1639
10852 82.1639
10854 82.1639
10856 82.1639
10858 82.1639
10860 82.1639
10862 82.1639
10864 82.1639
10866 82.1639
10868 82.1639
10870 82.1639
10872 82.1639
10874 82.1639
10876 82.1639
10878 82.1639
10880 82.1639
10882 82.1639
10884 82.1639
10886 82.1639
10888 82.1639
10890 82.1639
10892 82.1639
10894 82.1639
10896 82.1639
10898 82.1639
10900 82.1639
10902 82.1639
10904 82.1639
10906 82.1639
10908 82.1639
10910 82.1639
10912 82.1639
10914 82.1639
10916 82.1639
10918 82.1639
10920 82.1639
10922 82.1639
10924 82.1639
10926 82.1639
10928 82.1639
10930 82.1639
10932 82.1639
10934 82.1639
10936 82.1639
10938 82.1639
10940 82.1639
10942 82.1639
10944 82.1639
10946 82.1639
10948 82.1639
10950 82.1639
10952 82.1639
10954 82.1639
10956 82.1639
10958 82.1639
10960 82.1639
10962 82.1639
10964 82.1639
10966 82.1639
10968 82.1639
10970 82.1639
10972 82.1639
10974 82.1639
10976 82.1639
10978 82.1639
10980 82.1639
10982 82.1639
10984 82.1639
10986 82.1639
10988 82.1639
10990 82.1639
10992 82.1639
10994 82.1639
10996 82.1639
10998 82.1639
11000 82.1639
11002 82.1639
11004 82.1639
11006 82.1639
11008 82.1639
11010 82.1639
11012 82.1639
11014 82.1639
11016 82.1639
11018 82.1639
11020 82.1639
11022 82.1639
11024 82.1639
11026 82.1639
11028 82.1639
11030 82.1639
11032 82.1639
11034 82.1639
11036 82.1639
11038 82.1639
11040 82.1639
11042 82.1639
11044 82.1639
11046 82.1639
11048 82.1639
11050 82.1639
11052 82.1639
11054 82.1639
11056 82.1639
11058 82.1639
11060 82.1639
11062 82.1639
11064 82.1639
11066 82.1639
11068 82.1639
11070 82.1639
11072 82.1639
11074 82.1639
11076 82.1639
11078 82.1639
11080 82.1639
11082 82.1639
11084 82.1639
11086 82.3424
11088 82.3424
11090 82.3424
11092 82.3424
11094 82.3424
11096 82.3424
11098 82.3424
11100 82.3424
11102 82.3424
11104 82.3424
11106 82.3424
11108 82.3424
11110 82.3424
11112 82.3424
11114 82.3424
11116 82.3424
11118 82.3424
11120 82.3424
11122 82.3424
11124 82.3424
11126 82.3424
11128 82.3424
11130 82.3424
11132 82.3424
11134 82.3424
11136 82.3424
11138 82.3424
11140 82.3424
11142 82.3424
11144 82.3424
11146 82.3424
11148 82.3424
11150 82.3424
11152 82.3424
11154 82.3424
11156 82.3424
11158 82.3424
11160 82.3424
11162 82.3424
11164 82.3424
11166 82.3424
11168 82.3424
11170 82.3424
11172 82.3424
11174 82.3424
11176 82.3424
11178 82.3424
11180 82.3424
11182 82.3424
11184 82.3424
11186 82.3424
11188 82.3424
11190 82.3424
11192 82.3424
11194 82.3424
11196 82.3424
11198 82.3424
11200 82.3424
11202 82.3424
11204 82.3424
11206 82.3424
11208 82.3424
11210 82.3424
11212 82.3424
11214 82.3424
11216 82.3424
11218 82.3424
11220 82.3424
11222 82.3424
11224 82.3424
11226 82.3424
11228 82.3424
11230 82.3424
11232 82.3424
11234 82.3424
11236 82.3424
11238 82.3424
11240 82.3424
11242 82.3424
11244 82.3424
11246 82.3424
11248 82.3424
11250 82.3424
11252 82.3424
11254 82.3424
11256 82.3424
11258 82.3424
11260 82.3424
11262 82.3424
11264 82.3424
11266 82.3424
11268 82.3424
11270 82.3424
11272 82.3424
11274 82.3424
11276 82.3424
11278 82.3424
11280 82.3424
11282 82.3424
11284 82.3424
11286 82.3424
11288 82.3424
11290 82.3424
11292 82.3424
11294 82.3424
11296 82.3424
11298 82.3424
11300 82.3424
11302 82.3424
11304 82.3424
11306 82.3424
11308 82.3424
11310 82.3424
11312 82.3424
11314 82.3424
11316 82.3424
11318 82.3424
11320 82.3424
11322 82.3424
11324 82.3424
11326 82.3424
11328 82.3424
11330 82.3424
11332 82.3424
11334 82.6996
11336 82.6996
11338 82.6996
11340 82.6996
11342 82.6996
11344 82.6996
11346 82.6996
11348 82.6996
11350 82.6996
11352 82.6996
11354 82.6996
11356 82.6996
11358 82.6996
11360 82.6996
11362 82.6996
11364 82.6996
11366 82.6996
11368 82.6996
11370 82.6996
11372 82.6996
11374 82.6996
11376 82.6996
11378 82.6996
11380 82.6996
11382 82.6996
11384 82.6996
11386 82.6996
11388 82.6996
11390 82.6996
11392 82.6996
11394 82.6996
11396 82.6996
11398 82.6996
11400 82.6996
11402 82.6996
11404 82.6996
11406 82.6996
11408 82.6996
11410 82.6996
11412 82.6996
11414 82.6996
11416 82.6996
11418 82.6996
11420 82.6996
11422 82.6996
11424 82.6996
11426 82.6996
11428 82.6996
11430 82.6996
11432 82.6996
11434 82.6996
11436 82.6996
11438 82.6996
11440 82.6996
11442 82.6996
11444 82.6996
11446 82.6996
11448 82.6996
11450 82.6996
11452 82.6996
11454 82.6996
11456 82.6996
11458 82.6996
11460 82.6996
11462 82.6996
11464 82.6996
11466 82.6996
11468 82.6996
11470 82.6996
11472 82.6996
11474 82.6996
11476 82.6996
11478 82.6996
11480 82.6996
11482 82.6996
11484 82.6996
11486 82.6996
11488 82.6996
11490 82.6996
11492 82.6996
11494 82.6996
11496 82.6996
11498 82.6996
11500 82.6996
11502 82.6996
11504 82.6996
11506 82.6996
11508 82.6996
11510 82.6996
11512 82.6996
11514 82.6996
11516 82.6996
11518 82.9202
11520 82.9202
11522 82.9202
11524 82.9202
11526 82.9202
11528 82.9202
11530 82.9202
11532 82.9202
11534 82.9202
11536 82.9202
11538 82.9202
11540 82.9202
11542 82.9202
11544 82.9202
11546 82.9202
11548 82.9202
11550 82.9202
11552 82.9202
11554 82.9202
11556 82.9202
11558 82.9202
11560 82.9202
11562 82.9202
11564 82.9202
11566 82.9202
11568 82.9202
11570 82.9202
11572 82.9202
11574 82.9202
11576 82.9202
11578 82.9202
11580 82.9202
11582 82.9202
11584 82.9202
11586 82.9202
11588 82.9202
11590 82.9202
11592 82.9202
11594 82.9202
11596 82.9202
11598 82.9202
11600 82.9202
11602 82.9202
11604 82.9202
11606 82.9202
11608 82.9202
11610 82.9202
11612 82.9202
11614 82.9202
11616 82.9202
11618 82.9202
11620 82.9202
11622 82.9202
11624 82.9202
11626 82.9202
11628 82.9202
11630 82.9202
11632 82.9202
11634 82.9202
11636 82.9202
11638 82.9202
11640 82.9202
11642 82.9202
11644 83.1408
11646 83.1408
11648 83.1408
11650 83.1408
11652 83.1408
11654 83.1408
11656 83.1408
11658 83.1408
11660 83.1408
11662 83.1408
11664 83.1408
11666 83.1408
11668 83.1408
11670 83.1408
11672 83.1408
11674 83.1408
11676 83.1408
11678 83.1408
11680 83.1408
11682 83.1408
11684 83.1408
11686 83.1408
11688 83.1408
11690 83.1408
11692 83.1408
11694 83.1408
11696 83.1408
11698 83.1408
11700 83.1408
11702 83.1408
11704 83.1408
11706 83.1408
11708 83.1408
11710 83.1408
11712 83.1408
11714 83.1408
11716 83.1408
11718 83.1408
11720 83.1408
11722 83.1408
11724 83.1408
11726 83.1408
11728 83.1408
11730 83.1408
11732 83.1408
11734 83.1408
11736 83.1408
11738 83.1408
11740 83.1408
11742 83.1408
11744 83.1408
11746 83.1408
11748 83.1408
11750 83.1408
11752 83.1408
11754 83.1408
11756 83.1408
11758 83.1408
11760 83.1408
11762 83.1408
11764 83.1408
11766 83.1408
11768 83.1408
11770 83.1408
11772 83.1408
11774 83.1408
11776 83.1408
11778 83.1408
11780 83.1408
11782 83.1408
11784 83.1408
11786 83.1408
11788 83.1408
11790 83.1408
11792 83.1408
11794 83.1408
11796 83.1408
11798 83.1408
11800 83.1408
11802 83.1408
11804 83.1408
11806 83.1408
11808 83.1408
11810 83.1408
11812 83.1408
11814 83.1408
11816 83.1408
11818 83.1408
11820 83.1408
11822 83.1408
11824 83.1408
11826 83.1408
11828 83.1408
11830 83.1408
11832 83.1408
11834 83.1408
11836 83.1408
11838 83.1408
11840 83.1408
11842 84.1702
11844 84.1702
11846 84.1702
11848 84.1702
11850 84.1702
11852 84.1702
11854 84.1702
11856 84.1702
11858 84.1702
11860 84.1702
11862 84.1702
11864 84.1702
11866 84.1702
11868 84.1702
11870 84.1702
11872 84.1702
11874 84.1702
11876 84.1702
11878 84.1702
11880 84.1702
11882 84.1702
11884 84.1702
11886 84.1702
11888 84.1702
11890 84.1702
11892 84.1702
11894 84.1702
11896 84.1702
11898 84.1702
11900 84.1702
11902 84.1702
11904 84.1702
11906 84.1702
11908 84.1702
11910 84.1702
11912 84.1702
11914 84.1702
11916 84.1702
11918 84.1702
11920 84.1702
11922 84.1702
11924 84.1702
11926 84.1702
11928 84.1702
11930 84.1702
11932 84.1702
11934 84.1702
11936 84.1702
11938 84.1702
11940 84.1702
11942 84.1702
11944 84.1702
11946 84.1702
11948 84.1702
11950 84.1702
11952 84.1702
11954 84.1702
11956 84.1702
11958 84.1702
11960 84.1702
11962 84.1702
11964 84.1702
11966 84.1702
11968 84.1702
11970 84.1702
11972 84.1702
11974 84.1702
11976 84.1702
11978 84.1702
11980 84.1702
11982 84.1702
11984 84.1702
11986 84.1702
11988 84.1702
11990 84.1702
11992 84.1702
11994 84.1702
11996 84.1702
11998 84.1702
12000 84.1702
12002 84.1702
12004 84.1702
12006 84.1702
12008 84.1702
12010 84.1702
12012 84.1702
12014 84.1702
12016 84.1702
12018 84.1702
12020 84.1702
12022 84.1702
12024 84.1702
12026 84.1702
12028 84.1702
12030 84.1702
12032 84.1702
12034 84.1702
12036 84.1702
12038 84.1702
12040 84.1702
12042 84.1702
12044 84.1702
12046 84.1702
12048 84.1702
12050 84.1702
12052 84.1702
12054 84.1702
12056 84.1702
12058 84.1702
12060 84.1702
12062 84.1702
12064 84.1702
12066 84.1702
12068 84.1702
12070 84.1702
12072 84.1702
12074 84.1702
12076 84.1702
12078 84.1702
12080 84.1702
12082 84.1702
12084 84.1702
12086 84.1702
12088 84.1702
12090 84.1702
12092 84.1702
12094 84.1702
12096 84.1702
12098 84.1702
12100 84.1702
12102 84.1702
12104 84.1702
12106 84.1702
12108 84.1702
12110 84.1702
12112 84.1702
12114 84.1702
12116 84.1702
12118 84.1702
12120 84.1702
12122 84.1702
12124 84.1702
12126 84.1702
12128 84.1702
12130 84.1702
12132 84.1702
12134 84.1702
12136 84.1702
12138 84.1702
12140 84.1702
12142 84.1702
12144 84.1702
12146 84.1702
12148 84.1702
12150 84.1702
12152 84.1702
12154 84.1702
12156 84.1702
12158 84.1702
12160 84.1702
12162 84.1702
12164 84.1702
12166 84.1702
12168 84.1702
12170 84.1702
12172 84.1702
12174 84.1702
12176 84.1702
12178 84.1702
12180 84.1702
12182 84.1702
12184 84.1702
12186 84.1702
12188 84.1702
12190 84.1702
12192 84.1702
12194 84.1702
12196 84.1702
12198 84.1702
12200 84.1702
12202 84.1702
12204 84.1702
12206 84.1702
12208 84.1702
12210 84.1702
12212 84.1702
12214 84.1702
12216 84.1702
12218 84.1702
12220 84.1702
12222 84.1702
12224 84.1702
12226 84.1702
12228 84.1702
12230 84.1702
12232 84.1702
12234 84.1702
12236 84.1702
12238 84.1702
12240 84.1702
12242 84.1702
12244 84.1702
12246 84.1702
12248 84.1702
12250 84.1702
12252 84.1702
12254 84.1702
12256 84.1702
12258 84.1702
12260 84.1702
12262 84.1702
12264 84.1702
12266 84.1702
12268 84.1702
12270 84.1702
12272 84.1702
12274 84.1702
12276 84.1702
12278 84.1702
12280 84.1702
12282 84.1702
12284 84.1702
12286 84.1702
12288 84.1702
12290 84.1702
12292 84.1702
12294 84.1702
12296 84.1702
12298 84.1702
12300 84.1702
12302 84.1702
12304 84.1702
12306 84.1702
12308 84.1702
12310 84.1702
12312 84.1702
12314 84.1702
12316 84.1702
12318 84.1702
12320 84.1702
12322 84.1702
12324 84.1702
12326 84.1702
12328 84.1702
12330 84.1702
12332 84.1702
12334 84.1702
12336 84.1702
12338 84.1702
12340 84.1702
12342 84.1702
12344 84.1702
12346 84.1702
12348 84.1702
12350 84.1702
12352 84.1702
12354 84.1702
12356 84.1702
12358 84.1702
12360 84.1702
12362 84.1702
12364 84.1702
12366 84.1702
12368 84.1702
12370 84.1702
12372 84.1702
12374 84.1702
12376 84.1702
12378 84.1702
12380 84.1702
12382 84.1702
12384 84.1702
12386 84.1702
12388 84.1702
12390 84.1702
12392 84.1702
12394 84.1702
12396 84.1702
12398 84.1702
12400 84.1702
12402 84.1702
12404 84.1702
12406 84.1702
12408 84.1702
12410 84.1702
12412 84.1702
12414 84.1702
12416 84.1702
12418 84.1702
12420 84.1702
12422 84.1702
12424 84.1702
12426 84.1702
12428 84.1702
12430 84.1702
12432 84.1702
12434 84.1702
12436 84.1702
12438 84.1702
12440 84.1702
12442 84.1702
12444 84.1702
12446 84.1702
12448 84.1702
12450 84.1702
12452 84.1702
12454 84.1702
12456 84.1702
12458 84.1702
12460 84.1702
12462 84.1702
12464 84.1702
12466 84.1702
12468 84.1702
12470 84.1702
12472 84.1702
12474 84.1702
12476 84.1702
12478 84.1702
12480 84.1702
12482 84.1702
12484 84.1702
12486 84.1702
12488 84.1702
12490 84.1702
12492 84.1702
12494 84.1702
12496 84.1702
12498 84.1702
12500 84.1702
12502 84.1702
12504 84.1702
12506 84.1702
12508 84.1702
12510 84.1702
12512 84.1702
12514 84.1702
12516 84.1702
12518 84.1702
12520 84.1702
12522 84.1702
12524 84.1702
12526 84.1702
12528 84.1702
12530 84.1702
12532 84.1702
12534 84.1702
12536 84.1702
12538 84.1702
12540 84.1702
12542 84.1702
12544 84.1702
12546 84.1702
12548 84.1702
12550 84.1702
12552 84.1702
12554 84.1702
12556 84.1702
12558 84.1702
12560 84.1702
12562 84.1702
12564 84.1702
12566 84.1702
12568 84.1702
12570 84.1702
12572 84.1702
12574 84.1702
12576 84.1702
12578 84.1702
12580 84.1702
12582 84.3487
12584 84.3487
12586 84.3487
12588 84.3487
12590 84.3487
12592 84.3487
12594 84.3487
12596 84.3487
12598 84.3487
12600 84.3487
12602 84.3487
12604 84.3487
12606 84.3487
12608 84.3487
12610 84.3487
12612 84.3487
12614 84.3487
12616 84.3487
12618 84.3487
12620 84.3487
12622 84.3487
12624 84.3487
12626 84.3487
12628 84.3487
12630 84.3487
12632 84.3487
12634 84.3487
12636 84.3487
12638 84.3487
12640 84.3487
12642 84.3487
12644 84.3487
12646 84.3487
12648 84.3487
12650 84.3487
12652 84.3487
12654 84.3487
12656 84.3487
12658 84.3487
12660 84.3487
12662 84.3487
12664 84.3487
12666 84.3487
12668 84.3487
12670 84.3487
12672 84.3487
12674 84.3487
12676 84.3487
12678 84.3487
12680 84.3487
12682 84.3487
12684 84.3487
12686 84.3487
12688 84.3487
12690 84.3487
12692 84.3487
12694 84.3487
12696 84.3487
12698 84.3487
12700 84.3487
12702 84.3487
12704 84.3487
12706 84.3487
12708 84.3487
12710 84.3487
12712 84.3487
12714 84.3487
12716 84.3487
12718 84.3487
12720 84.3487
12722 84.3487
12724 84.3487
12726 84.3487
12728 84.3487
12730 84.3487
12732 84.3487
12734 84.3487
12736 84.3487
12738 84.3487
12740 84.3487
12742 84.3487
12744 84.3487
12746 84.3487
12748 84.3487
12750 84.3487
12752 84.3487
12754 84.3487
12756 84.3487
12758 84.3487
12760 84.3487
12762 84.3487
12764 84.3487
12766 84.3487
12768 84.3487
12770 84.3487
12772 84.3487
12774 84.3487
12776 84.3487
12778 84.3487
12780 84.3487
12782 84.3487
12784 84.3487
12786 84.3487
12788 84.3487
12790 84.3487
12792 84.3487
12794 84.3487
12796 84.3487
12798 84.3487
12800 84.3487
12802 84.3487
12804 84.3487
12806 84.3487
12808 84.3487
12810 84.3487
12812 84.3487
12814 84.3487
12816 84.3487
12818 84.3487
12820 84.3487
12822 84.3487
12824 84.3487
12826 84.3487
12828 84.3487
12830 84.3487
12832 84.3487
12834 84.3487
12836 84.3487
12838 84.3487
12840 84.3487
12842 84.3487
12844 84.3487
12846 84.3487
12848 84.3487
12850 84.3487
12852 84.3487
12854 84.3487
12856 84.3487
12858 84.3487
12860 84.3487
12862 84.3487
12864 84.3487
12866 84.3487
12868 84.3487
12870 84.3487
12872 84.3487
12874 84.3487
12876 84.3487
12878 84.3487
12880 84.3487
12882 84.3487
12884 84.3487
12886 84.3487
12888 84.3487
12890 84.3487
12892 84.3487
12894 84.3487
12896 84.3487
12898 84.3487
12900 84.3487
12902 84.3487
12904 84.3487
12906 84.3487
12908 84.3487
12910 84.3487
12912 84.3487
12914 84.3487
12916 84.3487
12918 84.3487
12920 84.3487
12922 84.3487
12924 84.3487
12926 84.3487
12928 84.3487
12930 84.3487
12932 84.3487
12934 84.3487
12936 84.3487
12938 84.3487
12940 84.3487
12942 84.3487
12944 84.3487
12946 84.3487
12948 84.3487
12950 84.3487
12952 84.3487
12954 84.3487
12956 84.3487
12958 84.3487
12960 84.3487
12962 84.3487
12964 84.3487
12966 84.3487
12968 84.3487
12970 84.3487
12972 84.3487
12974 84.3487
12976 84.3487
12978 84.3487
12980 84.3487
12982 84.3487
12984 84.3487
12986 84.3487
12988 84.3487
12990 84.3487
12992 84.3487
12994 84.3487
12996 84.3487
12998 84.3487
13000 84.3487
13002 84.3487
13004 84.3487
13006 84.3487
13008 84.3487
13010 84.3487
13012 84.3487
13014 84.3487
13016 84.3487
13018 84.3487
13020 84.3487
13022 84.3487
13024 84.3487
13026 84.3487
13028 84.3487
13030 84.3487
13032 84.3487
13034 84.3487
13036 84.3487
13038 84.3487
13040 84.3487
13042 84.3487
13044 84.3487
13046 84.3487
13048 84.3487
13050 84.3487
13052 84.3487
13054 84.3487
13056 84.3487
13058 84.3487
13060 84.3487
13062 84.3487
13064 84.3487
13066 84.3487
13068 84.3487
13070 84.3487
13072 84.3487
13074 84.3487
13076 84.3487
13078 84.3487
13080 84.3487
13082 84.3487
13084 84.3487
13086 84.3487
13088 84.3487
13090 84.3487
13092 84.3487
13094 84.3487
13096 84.3487
13098 84.3487
13100 84.3487
13102 84.3487
13104 84.3487
13106 84.3487
13108 84.3487
13110 84.3487
13112 84.3487
13114 84.3487
13116 84.3487
13118 84.3487
13120 84.3487
13122 84.3487
13124 84.3487
13126 84.3487
13128 84.3487
13130 84.3487
13132 84.3487
13134 84.3487
13136 84.3487
13138 84.3487
13140 84.3487
13142 84.3487
13144 84.3487
13146 84.3487
13148 84.3487
13150 84.3487
13152 84.3487
13154 84.3487
13156 84.3487
13158 84.3487
13160 84.3487
13162 84.3487
13164 84.3487
13166 84.3487
13168 84.3487
13170 84.3487
13172 84.3487
13174 84.3487
13176 84.3487
13178 84.3487
13180 84.3487
13182 84.3487
13184 84.3487
13186 84.3487
13188 84.3487
13190 84.3487
13192 84.3487
13194 84.3487
13196 84.3487
13198 84.3487
13200 84.3487
13202 84.3487
13204 84.3487
13206 84.3487
13208 84.3487
13210 84.3487
13212 84.3487
13214 84.3487
13216 84.3487
13218 84.3487
13220 84.3487
13222 84.3487
13224 84.3487
13226 84.3487
13228 84.3487
13230 84.3487
13232 84.3487
13234 84.3487
13236 84.3487
13238 84.3487
13240 84.3487
13242 84.3487
13244 84.3487
13246 84.3487
13248 84.3487
13250 84.3487
13252 84.3487
13254 84.3487
13256 84.3487
13258 84.3487
13260 84.3487
13262 84.3487
13264 84.3487
13266 84.3487
13268 84.3487
13270 84.3487
13272 84.3487
13274 84.3487
13276 84.3487
13278 84.3487
13280 84.3487
13282 84.3487
13284 84.3487
13286 84.3487
13288 84.3487
13290 84.3487
13292 84.3487
13294 84.3487
13296 84.3487
13298 84.3487
13300 84.3487
13302 84.3487
13304 84.3487
13306 84.3487
13308 84.3487
13310 84.3487
13312 84.3487
13314 84.3487
13316 84.3487
13318 84.3487
13320 84.3487
13322 84.3487
13324 84.3487
13326 84.3487
13328 84.3487
13330 84.3487
13332 84.3487
13334 84.3487
13336 84.3487
13338 84.3487
13340 84.3487
13342 84.3487
13344 84.3487
13346 84.3487
13348 84.3487
13350 84.3487
13352 84.3487
13354 84.3487
13356 84.3487
13358 84.3487
13360 84.3487
13362 84.3487
13364 84.3487
13366 84.3487
13368 84.3487
13370 84.3487
13372 84.3487
13374 84.3487
13376 84.3487
13378 84.3487
13380 84.3487
13382 84.3487
13384 84.3487
13386 84.3487
13388 84.3487
13390 84.3487
13392 84.3487
13394 84.3487
13396 84.3487
13398 84.3487
13400 84.3487
13402 84.3487
13404 84.3487
13406 84.3487
13408 84.3487
13410 84.3487
13412 84.3487
13414 84.3487
13416 84.3487
13418 84.3487
13420 84.3487
13422 84.3487
13424 84.3487
13426 84.3487
13428 84.3487
13430 84.3487
13432 84.3487
13434 84.3487
13436 84.3487
13438 84.3487
13440 84.3487
13442 84.3487
13444 84.3487
13446 84.3487
13448 84.3487
13450 84.3487
13452 84.3487
13454 84.3487
13456 84.3487
13458 84.3487
13460 84.3487
13462 84.3487
13464 84.3487
13466 84.3487
13468 84.3487
13470 84.3487
13472 84.3487
13474 84.3487
13476 84.3487
13478 84.3487
13480 84.3487
13482 84.3487
13484 84.3487
13486 84.3487
13488 84.3487
13490 84.3487
13492 84.3487
13494 84.3487
13496 84.3487
13498 84.3487
13500 84.3487
13502 84.3487
13504 84.3487
13506 84.3487
13508 84.3487
13510 84.3487
13512 84.3487
13514 84.3487
13516 84.3487
13518 84.3487
13520 84.3487
13522 84.3487
13524 84.3487
13526 84.3487
13528 84.3487
13530 84.3487
13532 84.3487
13534 84.3487
13536 84.3487
13538 84.3487
13540 84.3487
13542 84.3487
13544 84.3487
13546 84.3487
13548 84.3487
13550 84.3487
13552 84.3487
13554 84.3487
13556 84.3487
13558 84.3487
13560 84.3487
13562 84.3487
13564 84.3487
13566 84.3487
13568 84.3487
13570 84.3487
13572 84.3487
13574 84.3487
13576 84.3487
13578 84.3487
13580 84.3487
13582 84.3487
13584 84.3487
13586 84.3487
13588 84.3487
13590 84.3487
13592 84.3487
13594 84.3487
13596 84.3487
13598 84.3487
13600 84.3487
13602 84.3487
13604 84.3487
13606 84.3487
13608 84.3487
13610 84.3487
13612 84.3487
13614 84.3487
13616 84.3487
13618 84.3487
13620 84.3487
13622 84.3487
13624 84.3487
13626 84.3487
13628 84.3487
13630 84.3487
13632 84.3487
13634 84.3487
13636 84.3487
13638 84.3487
13640 84.3487
13642 84.3487
13644 84.3487
13646 84.3487
13648 84.3487
13650 84.3487
13652 84.3487
13654 84.3487
13656 84.3487
13658 84.3487
13660 84.3487
13662 84.3487
13664 84.3487
13666 84.3487
13668 84.3487
13670 84.3487
13672 84.3487
13674 84.3487
13676 84.3487
13678 84.3487
13680 84.3487
13682 84.3487
13684 84.3487
13686 84.3487
13688 84.3487
13690 84.3487
13692 84.3487
13694 84.3487
13696 84.3487
13698 84.3487
13700 84.3487
13702 84.3487
13704 84.3487
13706 84.3487
13708 84.3487
13710 84.3487
13712 84.3487
13714 84.3487
13716 84.3487
13718 84.3487
13720 84.3487
13722 84.3487
13724 84.3487
13726 84.3487
13728 84.3487
13730 84.3487
13732 84.3487
13734 84.3487
13736 84.3487
13738 84.3487
13740 84.3487
13742 84.3487
13744 84.3487
13746 84.3487
13748 84.3487
13750 84.3487
13752 84.3487
13754 84.3487
13756 84.3487
13758 84.3487
13760 84.3487
13762 84.3487
13764 84.3487
13766 84.3487
13768 84.3487
13770 84.3487
13772 84.3487
13774 84.3487
13776 84.3487
13778 84.3487
13780 84.3487
13782 84.3487
13784 84.3487
13786 84.3487
13788 84.5273
13790 84.5273
13792 84.5273
13794 84.5273
13796 84.5273
13798 84.5273
13800 84.5273
13802 84.5273
13804 84.5273
13806 84.5273
13808 84.5273
13810 84.5273
13812 84.5273
13814 84.5273
13816 84.5273
13818 84.5273
13820 84.5273
13822 84.5273
13824 84.5273
13826 84.5273
13828 84.5273
13830 84.5273
13832 84.5273
13834 84.5273
13836 84.5273
13838 84.5273
13840 84.5273
13842 84.5273
13844 84.5273
13846 84.5273
13848 84.5273
13850 84.5273
13852 84.5273
13854 84.5273
13856 84.5273
13858 84.5273
13860 84.5273
13862 84.5273
13864 84.5273
13866 84.5273
13868 84.5273
13870 84.5273
13872 84.5273
13874 84.5273
13876 84.5273
13878 84.5273
13880 84.5273
13882 84.5273
13884 84.5273
13886 84.5273
13888 84.5273
13890 84.5273
13892 84.5273
13894 84.5273
13896 84.5273
13898 84.5273
13900 84.5273
13902 84.5273
13904 84.5273
13906 84.5273
13908 84.5273
13910 84.5273
13912 84.5273
13914 84.5273
13916 84.5273
13918 84.5273
13920 84.5273
13922 84.5273
13924 84.5273
13926 84.5273
13928 84.5273
13930 84.5273
13932 84.5273
13934 84.5273
13936 84.5273
13938 84.5273
13940 84.5273
13942 84.5273
13944 84.5273
13946 84.5273
13948 84.5273
13950 84.5273
13952 84.5273
13954 84.5273
13956 84.5273
13958 84.5273
13960 84.5273
13962 84.5273
13964 84.5273
13966 84.5273
13968 84.5273
13970 84.5273
13972 84.5273
13974 84.5273
13976 84.5273
13978 84.5273
13980 84.5273
13982 84.5273
13984 84.5273
13986 84.5273
13988 84.5273
13990 84.5273
13992 84.5273
13994 84.5273
13996 84.5273
13998 84.5273
14000 84.5273
14002 84.5273
14004 84.5273
14006 84.5273
14008 84.5273
14010 84.5273
14012 84.5273
14014 84.5273
14016 84.5273
14018 84.5273
14020 84.5273
14022 84.5273
14024 84.5273
14026 84.5273
14028 84.5273
14030 84.5273
14032 84.5273
14034 84.5273
14036 84.5273
14038 84.5273
14040 84.5273
14042 84.5273
14044 84.5273
14046 84.5273
14048 84.5273
14050 84.5273
14052 84.5273
14054 84.5273
14056 84.5273
14058 84.5273
14060 84.5273
14062 84.5273
14064 84.5273
14066 84.5273
14068 84.5273
14070 84.5273
14072 84.5273
14074 84.5273
14076 84.5273
14078 84.5273
14080 84.5273
14082 84.5273
14084 84.5273
14086 84.5273
14088 84.5273
14090 84.5273
14092 84.5273
14094 84.5273
14096 84.5273
14098 84.5273
14100 84.5273
14102 84.5273
14104 84.5273
14106 84.5273
14108 84.5273
14110 84.5273
14112 84.5273
14114 84.5273
14116 84.5273
14118 84.5273
14120 84.5273
14122 84.5273
14124 84.5273
14126 84.5273
14128 84.5273
14130 84.5273
14132 84.5273
14134 84.5273
14136 84.5273
14138 84.5273
14140 84.5273
14142 84.5273
14144 84.5273
14146 84.5273
14148 84.5273
14150 84.5273
14152 84.5273
14154 84.5273
14156 84.5273
14158 84.5273
14160 84.5273
14162 84.5273
14164 84.5273
14166 84.5273
14168 84.5273
14170 84.5273
14172 84.5273
14174 84.5273
14176 84.5273
14178 84.5273
14180 84.5273
14182 84.5273
14184 84.5273
14186 84.5273
14188 84.5273
14190 84.5273
14192 84.5273
14194 84.5273
14196 84.5273
14198 84.5273
14200 84.5273
14202 84.5273
14204 84.5273
14206 84.5273
14208 84.5273
14210 84.5273
14212 84.5273
14214 84.5273
14216 84.5273
14218 84.5273
14220 84.5273
14222 84.5273
14224 84.5273
14226 84.5273
14228 84.5273
14230 84.5273
14232 84.5273
14234 84.5273
14236 84.5273
14238 84.5273
14240 84.5273
14242 84.5273
14244 84.5273
14246 84.5273
14248 84.5273
14250 84.5273
14252 84.5273
14254 84.5273
14256 84.5273
14258 84.5273
14260 84.5273
14262 84.5273
14264 84.5273
14266 84.5273
14268 84.5273
14270 84.5273
14272 84.5273
14274 84.5273
14276 84.5273
14278 84.5273
14280 84.5273
14282 84.5273
14284 84.5273
14286 84.5273
14288 84.5273
14290 84.5273
14292 84.5273
14294 84.5273
14296 84.5273
14298 84.5273
14300 84.5273
14302 84.5273
14304 84.5273
14306 84.5273
14308 84.5273
14310 84.5273
14312 84.5273
14314 84.5273
14316 84.5273
14318 84.5273
14320 84.5273
14322 84.5273
14324 84.5273
14326 84.5273
14328 84.5273
14330 84.5273
14332 84.5273
14334 84.5273
14336 84.5273
14338 84.5273
14340 84.5273
14342 84.5273
14344 84.5273
14346 84.5273
14348 84.5273
14350 84.5273
14352 84.5273
14354 84.5273
14356 84.5273
14358 84.5273
14360 84.5273
14362 84.5273
14364 84.5273
14366 84.5273
14368 84.5273
14370 84.5273
14372 84.5273
14374 84.5273
14376 84.5273
14378 84.5273
14380 84.5273
14382 84.5273
14384 84.5273
14386 84.5273
14388 84.5273
14390 84.5273
14392 84.5273
14394 84.5273
14396 84.5273
14398 84.5273
14400 84.5273
14402 84.5273
14404 84.5273
14406 84.5273
14408 84.5273
14410 84.5273
14412 84.5273
14414 84.5273
14416 84.5273
14418 84.5273
14420 84.5273
14422 84.5273
14424 84.5273
14426 84.5273
14428 84.5273
14430 84.5273
14432 84.5273
14434 84.5273
14436 84.5273
14438 84.5273
14440 84.5273
14442 84.5273
14444 84.5273
14446 84.5273
14448 84.5273
14450 84.5273
14452 84.5273
14454 84.5273
14456 84.5273
14458 84.5273
14460 84.5273
14462 84.5273
14464 84.5273
14466 84.5273
14468 84.5273
14470 84.5273
14472 84.5273
14474 84.5273
14476 84.5273
14478 84.5273
14480 84.5273
14482 84.5273
14484 84.5273
14486 84.5273
14488 84.5273
14490 84.5273
14492 84.5273
14494 84.5273
14496 84.5273
14498 84.5273
14500 84.5273
14502 84.5273
14504 84.5273
14506 84.5273
14508 84.5273
14510 84.5273
14512 84.5273
14514 84.5273
14516 84.5273
14518 84.5273
14520 84.5273
14522 84.5273
14524 84.5273
14526 84.5273
14528 84.5273
14530 84.5273
14532 84.5273
14534 84.5273
14536 84.5273
14538 84.5273
14540 84.5273
14542 84.5273
14544 84.5273
14546 84.5273
14548 84.5273
14550 84.5273
14552 84.5273
14554 84.5273
14556 84.5273
14558 84.5273
14560 84.5273
14562 84.5273
14564 84.5273
14566 84.5273
14568 84.5273
14570 84.5273
14572 84.5273
14574 84.5273
14576 84.5273
14578 84.5273
14580 84.5273
14582 84.5273
14584 84.5273
14586 84.5273
14588 84.5273
14590 84.5273
14592 84.5273
14594 84.5273
14596 84.5273
14598 84.5273
14600 84.5273
14602 84.5273
14604 84.5273
14606 84.5273
14608 84.5273
14610 84.5273
14612 84.5273
14614 84.5273
14616 84.5273
14618 84.5273
14620 84.5273
14622 84.5273
14624 84.5273
14626 84.5273
14628 84.5273
14630 84.5273
14632 84.5273
14634 84.5273
14636 84.5273
14638 84.5273
14640 84.5273
14642 84.5273
14644 84.5273
14646 84.5273
14648 84.5273
14650 84.5273
14652 84.5273
14654 84.5273
14656 84.5273
14658 84.5273
14660 84.5273
14662 84.5273
14664 84.5273
14666 84.5273
14668 84.5273
14670 84.5273
14672 84.5273
14674 84.5273
14676 84.5273
14678 84.5273
14680 84.5273
14682 84.5273
14684 84.5273
14686 84.5273
14688 84.5273
14690 84.5273
14692 84.5273
14694 84.5273
14696 84.5273
14698 84.5273
14700 84.5273
14702 84.5273
14704 84.5273
14706 84.5273
14708 84.5273
14710 84.5273
14712 84.5273
14714 84.5273
14716 84.5273
14718 84.5273
14720 84.5273
14722 84.5273
14724 84.5273
14726 84.5273
14728 84.5273
14730 84.5273
14732 84.5273
14734 84.5273
14736 84.5273
14738 84.5273
14740 84.5273
14742 84.5273
14744 84.5273
14746 84.5273
14748 84.5273
14750 84.5273
14752 84.5273
14754 84.5273
14756 84.5273
14758 84.5273
14760 84.5273
14762 84.5273
14764 84.5273
14766 84.5273
14768 84.5273
14770 84.5273
14772 84.5273
14774 84.5273
14776 84.5273
14778 84.5273
14780 84.5273
14782 84.5273
14784 84.5273
14786 84.5273
14788 84.5273
14790 84.5273
14792 84.5273
14794 84.5273
14796 84.5273
14798 84.5273
14800 84.5273
14802 84.5273
14804 84.5273
14806 84.5273
14808 84.5273
14810 84.5273
14812 84.5273
14814 84.5273
14816 84.5273
14818 84.5273
14820 84.5273
14822 84.5273
14824 84.5273
14826 84.5273
14828 84.5273
14830 84.5273
14832 84.5273
14834 84.5273
14836 84.5273
14838 84.5273
14840 84.5273
14842 84.5273
14844 84.5273
14846 84.5273
14848 84.5273
14850 84.5273
14852 84.5273
14854 84.5273
14856 84.5273
14858 84.5273
14860 84.5273
14862 84.5273
14864 84.5273
14866 84.5273
14868 84.5273
14870 84.5273
14872 84.5273
14874 84.5273
14876 84.5273
14878 84.5273
14880 84.5273
14882 84.5273
14884 84.5273
14886 84.5273
14888 84.5273
14890 84.5273
14892 84.5273
14894 84.5273
14896 84.5273
14898 84.5273
14900 84.5273
14902 84.5273
14904 84.5273
14906 84.5273
14908 84.5273
14910 84.5273
14912 84.5273
14914 84.5273
14916 84.5273
14918 84.5273
14920 84.5273
14922 84.5273
14924 84.5273
14926 84.5273
14928 84.5273
14930 84.5273
14932 84.5273
14934 84.5273
14936 84.5273
14938 84.5273
14940 84.5273
14942 84.5273
14944 84.5273
14946 84.5273
14948 84.5273
14950 84.5273
14952 84.5273
14954 84.5273
14956 84.5273
14958 84.5273
14960 84.5273
14962 84.5273
14964 84.5273
14966 84.5273
14968 84.5273
14970 84.5273
14972 84.5273
14974 84.5273
14976 84.5273
14978 84.5273
14980 84.5273
14982 84.5273
14984 84.5273
14986 84.5273
14988 84.5273
14990 84.5273
14992 84.5273
14994 84.5273
14996 84.5273
14998 84.5273
15000 84.5273
