50 62.1113
71 62.1113
92 63.9391
113 64.6954
133 65.4097
153 65.5882
174 65.5882
195 65.5882
216 65.9454
237 66.7017
257 66.7017
278 67.416
298 67.416
318 68.708
339 69.2437
359 69.2437
380 69.2437
400 69.2437
420 69.2437
440 69.8214
461 70.3571
482 70.3571
503 71.4706
523 71.4706
543 71.6492
563 71.6492
583 73.1198
603 73.1198
624 73.1198
644 73.1198
664 73.1198
685 73.1198
705 73.1198
725 73.1198
746 73.1198
767 73.1198
787 73.1198
808 74.7689
828 74.7689
848 74.7689
869 74.7689
889 74.7689
910 74.7689
930 74.7689
950 74.7689
970 74.7689
990 74.7689
1011 74.7689
1031 74.7689
1051 74.7689
1072 74.7689
1092 74.7689
1112 74.7689
1132 74.7689
1152 74.7689
1173 74.7689
1193 74.9475
1213 74.9475
1233 74.9475
1253 75.1261
1273 75.3046
1293 75.4832
1313 75.7038
1333 75.7038
1353 75.7038
1373 76.0609
1393 76.0609
1414 76.0609
1434 76.6387
1455 76.8172
1475 77.7521
1496 77.7521
1517 77.7521
1537 77.7521
1557 77.7521
1577 77.7521
1597 77.7521
1618 77.7521
1639 77.7521
1659 77.7521
1680 77.7521
1700 77.9307
1720 77.9307
1741 77.9307
1761 79.1807
1781 79.1807
1801 79.1807
1821 79.3592
1841 79.3592
1861 79.5798
1881 79.5798
1901 79.5798
1921 80.5147
1941 80.5147
1961 80.5147
1982 80.5147
2002 80.5147
2022 80.5147
2042 80.5147
2063 80.9139
2083 80.9139
2103 80.9139
2123 80.9139
2144 81.4496
2165 81.4496
2185 81.4496
2206 81.4496
2227 81.4496
2248 81.4496
2268 81.4496
2288 81.4496
2308 81.4496
2329 81.4496
2349 81.4496
2370 81.6282
2391 81.6282
2411 81.6282
2432 81.6282
2453 81.6282
2474 81.6282
2494 81.6282
2515 81.6282
2535 81.6282
2555 81.6282
2575 81.6282
2595 81.6282
2616 81.9853
2637 81.9853
2657 81.9853
2677 81.9853
2697 82.9202
2718 82.9202
2738 82.9202
2758 82.9202
2779 82.9202
2800 82.9202
2821 82.9202
2841 82.9202
2861 82.9202
2881 82.9202
2901 82.9202
2921 82.9202
2942 82.9202
2962 82.9202
2983 82.9202
3003 82.9202
3023 82.9202
3043 82.9202
3063 82.9202
3084 82.9202
3104 82.9202
3124 82.9202
3144 82.9202
3164 82.9202
3184 82.9202
3204 82.9202
3225 82.9202
3245 83.0987
3265 83.0987
3285 83.0987
3305 83.0987
3325 83.0987
3345 83.0987
3365 83.0987
3385 83.0987
3405 83.0987
3426 83.0987
3446 83.0987
3466 83.0987
3486 83.0987
3506 83.0987
3526 83.0987
3547 83.0987
3567 83.0987
3587 83.2773
3607 83.2773
3627 83.2773
3647 83.2773
3667 83.2773
3687 83.2773
3708 83.4559
3728 83.4559
3748 83.4559
3769 83.4559
3789 83.4559
3809 83.4559
3830 84.2122
3850 84.2122
3870 84.2122
3890 84.2122
3910 84.2122
3930 84.3908
3950 84.5693
3970 84.5693
3991 84.5693
4011 84.5693
4032 84.5693
4052 84.5693
4073 84.5693
4093 84.5693
4113 84.5693
4133 84.5693
4154 84.5693
4174 84.5693
4194 84.5693
4215 84.5693
4235 84.5693
4255 84.5693
4276 84.5693
4296 84.5693
4316 84.5693
4336 84.5693
4357 84.5693
4378 84.5693
4399 84.5693
4420 84.5693
4440 84.5693
4461 84.5693
4481 84.5693
4502 84.5693
4523 84.7479
4544 84.7479
4564 84.7479
4585 84.7479
4605 84.7479
4626 84.7479
4646 84.7479
4666 84.7479
4686 84.7479
4706 84.7479
4726 84.7479
4747 84.7479
4768 84.7479
4788 84.7479
4808 84.7479
4828 84.7479
4848 84.7479
4868 84.7479
4888 84.7479
4908 84.7479
4928 84.7479
4949 84.7479
4970 84.7479
4991 84.7479
5011 84.7479
5032 84.7479
5053 84.7479
5073 84.7479
5093 84.7479
5113 84.7479
5133 84.7479
5153 84.7479
5174 84.7479
5194 84.7479
5215 84.7479
5235 84.7479
5255 84.7479
5275 84.7479
5295 84.7479
5316 84.7479
5337 84.7479
5357 84.7479
5378 84.7479
5399 84.7479
5419 84.7479
5439 84.7479
5459 84.7479
5480 84.7479
5501 84.7479
5522 84.7479
5542 84.7479
5562 84.7479
5582 84.7479
5603 84.7479
5623 84.7479
5644 84.7479
5664 84.7479
5684 84.7479
5704 84.7479
5725 84.7479
5745 84.7479
5765 84.7479
5786 84.7479
5807 84.7479
5828 84.7479
5848 84.7479
5868 84.7479
5888 84.7479
5909 84.7479
5930 84.7479
5950 84.7479
5970 84.7479
5991 84.7479
6011 84.7479
6031 84.7479
6052 84.7479
6074 84.7479
6094 84.7479
6114 84.7479
6135 84.7479
6156 84.7479
6177 84.7479
6197 84.7479
6218 84.7479
6239 84.7479
6259 84.7479
6279 84.7479
6299 84.7479
6320 84.7479
6341 84.7479
6361 84.7479
6382 84.7479
6402 84.7479
6422 84.7479
6443 84.7479
6463 84.7479
6484 84.7479
6505 84.7479
6526 84.7479
6546 84.7479
6566 84.7479
6587 84.7479
6607 84.7479
6628 84.7479
6648 84.7479
6668 84.7479
6689 84.7479
6709 84.7479
6729 84.7479
6749 84.7479
6769 84.7479
6790 84.7479
6810 84.7479
6830 84.7479
6851 84.7479
6871 84.7479
6891 84.7479
6912 84.7479
6932 84.7479
6953 84.7479
6973 84.7479
6993 84.7479
7014 84.7479
7034 84.7479
7055 84.7479
7075 84.7479
7095 84.7479
7116 84.7479
7136 84.7479
7157 84.7479
7177 84.7479
7198 84.7479
7218 84.7479
7238 84.7479
7259 84.7479
7279 84.7479
7299 84.7479
7319 84.7479
7339 84.7479
7360 84.7479
7380 84.7479
7400 84.7479
7421 84.7479
7441 84.7479
7462 84.7479
7482 84.7479
7503 84.7479
7523 84.7479
7543 84.7479
7563 84.7479
7584 84.7479
7605 84.7479
7626 84.7479
7647 84.7479
7667 84.7479
7688 84.7479
7708 84.7479
7729 84.7479
7749 84.7479
7769 84.7479
7789 84.7479
7809 84.7479
7830 84.8845
7851 84.8845
7871 84.8845
7892 84.8845
7912 84.8845
7933 84.8845
7953 84.8845
7973 84.8845
7993 84.8845
8013 84.8845
8034 84.8845
8054 84.8845
8074 84.8845
8095 84.8845
8116 84.8845
8137 84.8845
8157 84.8845
8177 84.8845
8197 84.8845
8217 84.8845
8237 84.8845
8257 84.8845
8278 84.8845
8298 84.8845
8319 84.8845
8339 84.8845
8359 84.8845
8380 84.8845
8400 84.8845
8420 84.8845
8441 84.8845
8462 84.8845
8483 84.8845
8503 84.8845
8523 84.8845
8544 84.8845
8565 84.8845
8585 84.8845
8606 84.8845
8626 84.8845
8646 84.8845
8666 84.8845
8686 84.8845
8706 84.8845
8726 84.8845
8746 84.8845
8767 84.8845
8788 84.8845
8808 84.8845
8828 84.8845
8848 84.8845
8868 84.8845
8888 84.8845
8909 84.8845
8930 84.8845
8950 84.8845
8970 84.8845
8990 84.8845
9011 84.8845
9032 84.8845
9052 84.8845
9072 84.8845
9093 84.8845
9113 84.8845
9133 84.8845
9153 84.8845
9174 84.8845
9194 84.8845
9215 84.8845
9235 84.8845
9255 84.8845
9276 84.8845
9296 84.8845
9316 84.8845
9336 84.8845
9356 84.8845
9376 84.8845
9397 84.8845
9417 84.8845
9437 84.8845
9457 84.8845
9478 84.8845
9498 84.8845
9518 84.8845
9538 84.8845
9559 84.8845
9580 84.8845
9600 84.8845
9620 84.8845
9640 84.8845
9660 84.8845
9680 84.8845
9700 84.8845
9721 84.8845
9741 84.8845
9761 84.8845
9781 84.8845
9801 84.8845
9821 84.8845
9842 84.8845
9863 84.8845
9883 84.8845
9903 84.8845
9923 84.8845
9944 85.063
9964 85.063
9985 85.063
10005 85.063
10025 85.063
10045 85.063
10066 85.063
10087 85.063
10107 85.063
10127 85.063
10148 85.063
10168 85.063
10189 85.063
10209 85.063
10230 85.063
10250 85.063
10270 85.063
10290 85.063
10310 85.063
10330 85.063
10350 85.063
10370 85.063
10390 85.063
10410 85.063
10430 85.063
10450 85.063
10470 85.063
10490 85.063
10511 85.063
10531 85.063
10552 85.063
10572 85.063
10593 85.063
10614 85.2416
10634 85.2416
10655 85.2416
10675 85.2416
10695 85.2416
10715 85.2416
10735 85.2416
10755 85.2416
10776 85.2416
10797 85.2416
10817 85.2416
10838 85.2416
10858 85.2416
10878 85.2416
10898 85.2416
10918 85.2416
10939 85.2416
10959 85.2416
10980 85.2416
11000 85.2416
11020 85.2416
11041 85.2416
11062 85.2416
11082 85.2416
11102 85.2416
11122 85.2416
11142 85.2416
11162 85.2416
11183 85.2416
11204 85.2416
11224 85.2416
11244 85.2416
11264 85.2416
11284 85.2416
11304 85.2416
11324 85.2416
11344 85.2416
11365 85.2416
11385 85.2416
11405 85.2416
11425 85.2416
11445 85.2416
11465 85.2416
11485 85.2416
11506 85.2416
11526 85.2416
11546 85.2416
11566 85.2416
11587 85.2416
11607 85.2416
11628 85.2416
11648 85.2416
11668 85.2416
11688 85.2416
11708 85.2416
11729 85.2416
11749 85.2416
11769 85.2416
11789 85.2416
11810 85.2416
11831 86.1765
11852 86.1765
11872 86.1765
11892 86.1765
11912 86.1765
11933 86.1765
11953 86.1765
11973 86.1765
11993 86.1765
12014 86.1765
12034 86.1765
12054 86.1765
12074 86.1765
12094 86.1765
12115 86.1765
12135 86.1765
12155 86.1765
12176 86.1765
12196 86.1765
12216 86.1765
12236 86.1765
12256 86.1765
12277 86.1765
12298 86.1765
12318 86.1765
12338 86.1765
12358 86.1765
12378 86.355
12398 86.355
12418 86.355
12438 86.355
12459 86.355
12479 86.355
12499 86.355
12519 86.355
12539 86.355
12559 86.355
12579 86.355
12599 86.355
12619 86.355
12639 86.355
12660 86.355
12680 86.355
12700 86.355
12720 86.355
12740 86.355
12760 86.355
12780 86.355
12800 86.355
12820 86.355
12840 86.355
12861 86.355
12882 86.355
12903 86.355
12923 86.355
12944 86.355
12964 86.355
12984 86.355
13004 86.355
13025 86.355
13045 86.355
13066 86.355
13086 86.355
13106 86.355
13126 86.355
13146 86.355
13166 86.355
13187 86.355
13207 86.355
13228 86.355
13249 86.355
13269 86.355
13290 86.355
13310 86.355
13331 86.355
13352 86.355
13373 86.355
13393 86.355
13414 86.355
13434 86.355
13455 86.355
13475 86.355
13495 86.355
13515 86.355
13536 86.355
13556 86.355
13576 86.355
13596 86.355
13616 86.355
13636 86.355
13657 86.355
13677 86.355
13697 86.355
13717 86.355
13737 86.355
13757 86.355
13778 86.355
13799 86.355
13819 86.355
13839 86.355
13859 86.355
13879 86.355
13899 86.355
13919 86.355
13939 86.355
13960 86.355
13981 86.355
14001 86.355
14022 86.355
14042 86.355
14063 86.355
14083 86.355
14104 86.355
14124 86.355
14144 86.355
14165 86.355
14185 86.355
14205 86.355
14225 86.355
14245 86.355
14265 86.355
14285 86.355
14305 86.355
14325 86.355
14345 86.355
14365 86.355
14385 86.355
14405 86.355
14425 86.355
14445 86.355
14466 86.355
14486 86.355
14507 86.355
14528 86.355
14548 86.355
14568 86.355
14588 86.355
14609 86.355
14629 86.355
14649 86.355
14669 86.355
14689 86.355
14709 86.355
14730 86.355
14750 86.355
14771 86.355
14791 86.355
14811 86.355
14831 86.355
14851 86.355
14871 86.355
14892 86.355
14912 86.355
14933 86.355
14953 86.355
14973 86.355
14993 86.355
15013 86.355
