16 63.4034
22 63.4034
29 63.4034
36 63.4034
43 63.4034
49 63.4034
56 63.5819
63 63.5819
69 67.0588
755 78.2458
761 78.2458
767 78.2458
773 78.2458
780 78.2458
786 78.2458
793 78.2458
800 78.2458
806 78.2458
813 78.2458
1499 81.0084
1505 81.0084
1511 81.4076
1517 81.5861
1523 81.5861
1529 81.5861
1535 81.5861
1541 81.5861
1548 81.5861
1554 81.5861
2241 83.771
2247 83.771
2254 84.1702
2260 84.5273
2266 84.5273
2272 84.5273
2278 84.7059
2285 84.7059
2291 84.7059
2298 84.7059
2984 87.2479
2991 87.2479
2998 87.2479
3004 87.2479
3010 87.2479
3017 87.2479
3024 87.2479
3030 87.2479
3037 87.2479
3043 87.2479
3729 87.4265
3736 87.4265
3742 87.4265
3748 87.4265
3755 87.4265
3761 87.4265
3767 87.4265
3773 87.4265
3779 87.4265
3785 87.4265
4471 87.4265
4478 87.4265
4484 87.4265
4490 87.4265
4497 87.4265
4503 87.4265
4510 87.4265
4516 87.4265
4522 87.4265
4528 87.4265
5214 88.8971
5220 88.8971
5226 88.8971
5232 88.8971
5238 88.8971
5245 88.8971
5251 88.8971
5257 88.8971
5263 88.8971
5269 88.8971
5956 88.8971
5962 88.8971
5969 88.8971
5975 88.8971
5982 88.8971
5988 88.8971
5994 88.8971
6001 88.8971
6007 88.8971
6013 88.8971
6699 88.8971
6706 88.8971
6713 88.8971
6719 88.8971
6725 88.8971
6732 88.8971
6738 88.8971
6744 88.8971
6750 88.8971
6756 88.8971
7442 88.8971
7448 88.8971
7455 88.8971
7461 88.8971
7467 88.8971
7474 88.8971
7481 88.8971
7488 88.8971
7495 88.8971
7501 88.8971
8188 88.8971
8195 88.8971
8201 88.8971
8208 88.8971
8214 88.8971
8220 88.8971
8226 88.8971
8232 88.8971
8239 88.8971
8246 88.8971
8933 88.8971
8940 88.8971
8946 88.8971
8952 88.8971
8958 88.8971
8964 88.8971
8970 88.8971
8977 88.8971
8984 88.8971
8991 88.8971
9677 88.8971
9683 88.8971
9690 88.8971
9696 88.8971
9703 88.8971
9710 88.8971
9716 88.8971
9722 88.8971
9728 88.8971
9735 88.8971
10421 88.8971
10427 88.8971
10434 88.8971
10441 88.8971
10447 88.8971
10453 88.8971
10459 88.8971
10466 88.8971
10472 88.8971
10478 88.8971
11165 88.8971
11172 88.8971
11179 88.8971
11185 88.8971
11192 88.8971
11198 88.8971
11204 88.8971
11210 88.8971
11216 88.8971
11223 88.8971
11910 88.8971
11916 88.8971
11923 88.8971
11929 88.8971
11935 88.8971
11941 88.8971
11947 88.8971
11954 88.8971
11960 88.8971
11966 88.8971
12653 88.8971
12659 88.8971
12665 88.8971
12672 88.8971
12678 88.8971
12684 88.8971
12690 88.8971
12697 88.8971
12703 88.8971
12709 88.8971
13395 88.8971
13401 88.8971
13408 88.8971
13415 88.8971
13421 88.8971
13427 88.8971
13433 88.8971
13439 88.8971
13445 88.8971
13451 88.8971
14138 88.8971
14145 88.8971
14152 88.8971
14158 88.8971
14164 88.8971
14171 88.8971
14177 88.8971
14184 88.8971
14190 88.8971
14197 88.8971
14883 88.8971
14889 88.8971
14895 88.8971
14901 88.8971
14907 88.8971
14913 88.8971
14920 88.8971
14926 88.8971
14932 88.8971
14938 88.8971
15624 88.8971
