16 63.4034
22 63.4034
29 63.4034
36 63.4034
43 63.4034
49 63.4034
56 63.5819
63 63.5819
69 67.0588
143 80.8298
150 80.8298
157 80.8298
163 80.8298
169 80.8298
175 80.8298
182 80.8298
188 80.8298
194 80.8298
201 80.8298
276 82.3004
283 82.3004
290 82.3004
297 82.3004
303 82.3004
309 82.3004
316 82.3004
323 82.3004
329 82.3004
336 82.3004
410 82.3004
416 82.3004
422 82.3004
429 82.3004
435 82.3004
442 82.3004
449 82.3004
455 82.3004
462 82.3004
469 82.3004
544 83.5924
550 83.5924
557 83.5924
564 83.5924
570 83.5924
576 83.5924
582 83.5924
589 83.5924
596 83.5924
603 83.5924
677 83.771
683 83.771
689 83.771
695 83.771
702 83.771
708 83.771
715 83.771
721 83.771
728 83.771
734 83.771
809 83.771
815 83.771
822 83.771
828 83.771
834 83.771
840 83.771
846 83.771
852 83.771
858 83.771
864 83.771
938 84.1282
945 84.1282
952 84.1282
958 84.1282
964 84.3067
970 84.3067
976 84.3067
982 84.3067
988 84.3067
994 84.3067
1069 84.3067
1076 84.3067
1083 84.3067
1089 84.3067
1095 84.3067
1101 84.3067
1107 84.3067
1114 84.3067
1121 84.3067
1127 84.3067
1202 85.4202
1209 85.4202
1215 85.4202
1222 85.4202
1229 85.4202
1235 85.4202
1241 85.4202
1247 85.4202
1253 85.4202
1259 85.4202
1333 85.4202
1340 85.4202
1346 85.4202
1352 85.4202
1359 85.4202
1365 85.4202
1372 85.4202
1379 85.4202
1385 85.4202
1391 85.4202
1466 85.4202
1472 85.4202
1479 85.4202
1485 85.4202
1492 85.4202
1498 85.4202
1504 85.4202
1511 85.4202
1517 85.4202
1524 85.4202
1598 85.4202
1605 85.4202
1611 85.4202
1618 85.4202
1625 85.4202
1632 85.4202
1638 85.4202
1645 85.4202
1651 85.4202
1657 85.4202
1731 85.8193
1737 85.8193
1744 85.8193
1751 85.8193
1757 85.8193
1763 85.8193
1770 85.8193
1776 85.8193
1782 85.8193
1788 85.8193
1863 85.8193
1870 85.8193
1876 85.8193
1882 85.8193
1889 85.8193
1895 85.8193
1901 85.8193
1907 85.8193
1913 85.8193
1919 85.9979
1994 87.6471
2000 87.6471
2006 87.6471
2012 87.6471
2019 87.6471
2026 87.6471
2032 87.6471
2038 87.6471
2044 87.6471
2050 87.6471
2125 87.6471
2132 87.6471
2139 87.6471
2145 87.6471
2151 87.6471
2157 87.6471
2163 87.6471
2169 87.6471
2175 87.6471
2181 87.6471
2256 87.6471
2262 87.6471
2268 87.6471
2275 87.6471
2281 87.6471
2288 87.6471
2295 87.6471
2302 87.6471
2309 87.6471
2316 87.6471
2390 87.6471
2396 87.6471
2403 87.6471
2409 87.6471
2415 87.6471
2422 87.6471
2429 87.6471
2436 87.6471
2443 87.6471
2449 87.6471
2524 87.6471
2531 87.6471
2537 87.6471
2543 87.6471
2549 87.6471
2555 87.6471
2561 87.6471
2567 87.6471
2573 87.6471
2580 87.6471
2654 87.6471
2660 87.6471
2667 87.6471
2673 87.6471
2679 87.6471
2686 87.6471
2693 87.6471
2699 87.6471
2705 87.6471
2711 87.6471
2785 87.6471
2792 87.6471
2799 87.6471
2806 87.6471
2812 87.6471
2818 87.6471
2824 87.6471
2830 87.6471
2837 87.6471
2843 87.6471
2917 87.6471
2923 87.6471
2929 87.6471
2935 87.6471
2942 87.6471
2948 87.6471
2954 87.6471
2961 87.6471
2967 87.6471
2974 87.6471
3048 87.6471
3054 87.6471
3060 87.6471
3066 87.6471
3072 87.6471
3079 87.6471
3085 87.6471
3091 87.6471
3098 87.6471
3105 87.6471
3179 87.6471
3185 87.6471
3191 87.6471
3198 87.6471
3205 87.6471
3212 87.6471
3219 87.6471
3225 87.6471
3232 87.6471
3238 87.6471
3313 87.6471
3320 87.6471
3326 87.6471
3332 87.6471
3339 87.6471
3345 87.6471
3352 87.6471
3359 87.6471
3365 87.6471
3371 87.6471
3446 87.6471
3453 87.6471
3460 87.6471
3467 87.6471
3473 87.6471
3479 87.6471
3485 87.6471
3492 87.6471
3499 87.6471
3505 87.6471
3579 87.6471
3585 87.6471
3592 87.6471
3599 87.6471
3606 87.6471
3612 87.6471
3619 87.6471
3625 87.6471
3631 87.6471
3637 87.6471
3712 87.6471
3719 87.6471
3725 87.6471
3732 87.6471
3738 87.6471
3744 87.6471
3750 87.6471
3757 87.6471
3763 87.6471
3769 87.6471
3843 87.6471
3850 87.6471
3856 87.6471
3862 87.6471
3868 87.6471
3875 87.6471
3882 87.6471
3888 87.6471
3894 87.6471
3901 87.6471
3975 87.6471
3981 87.6471
3988 87.6471
3994 87.6471
4000 87.6471
4006 87.6471
4012 87.6471
4018 87.6471
4025 87.6471
4031 87.6471
4105 87.6471
4111 87.6471
4117 87.6471
4124 87.6471
4130 87.6471
4136 87.6471
4143 87.6471
4149 87.6471
4156 87.6471
4162 87.6471
4236 87.6471
4243 87.6471
4249 87.6471
4255 87.6471
4262 87.6471
4269 87.6471
4275 87.6471
4281 87.6471
4288 87.6471
4294 87.6471
4369 87.6471
4375 87.6471
4382 87.6471
4388 87.6471
4394 87.6471
4400 87.6471
4406 87.6471
4413 87.6471
4420 87.6471
4426 87.6471
4501 87.6471
4507 87.6471
4513 87.6471
4519 87.6471
4525 87.6471
4531 87.6471
4538 87.6471
4544 87.6471
4551 87.6471
4557 87.6471
4631 87.6471
4637 87.6471
4643 87.6471
4649 87.6471
4656 87.6471
4663 87.6471
4669 87.6471
4675 87.6471
4682 87.6471
4688 87.6471
4762 87.6471
4769 87.6471
4775 87.6471
4781 87.6471
4788 87.6471
4795 87.6471
4802 87.6471
4808 87.6471
4814 87.6471
4820 87.6471
4894 87.6471
4901 87.6471
4908 87.6471
4915 87.6471
4921 87.6471
4927 87.6471
4933 87.6471
4939 87.6471
4946 87.6471
4953 87.6471
5027 87.6471
5033 87.6471
5040 87.6471
5046 87.6471
5052 87.6471
5058 87.6471
5064 87.6471
5070 87.6471
5077 87.6471
5084 87.6471
5158 87.6471
5164 87.6471
5171 87.6471
5178 87.6471
5184 87.6471
5191 87.6471
5197 87.6471
5203 87.6471
5209 87.6471
5215 87.6471
5289 87.6471
5295 87.6471
5302 87.6471
5309 87.6471
5315 87.6471
5322 87.6471
5328 87.6471
5334 87.6471
5341 87.6471
5348 87.6471
5423 87.6471
5429 87.6471
5435 87.6471
5442 87.6471
5448 87.6471
5454 87.6471
5460 87.6471
5467 87.6471
5474 87.6471
5481 87.6471
5556 87.6471
5563 87.6471
5569 87.6471
5576 87.6471
5583 87.6471
5590 87.6471
5596 87.6471
5602 87.6471
5609 87.6471
5616 87.6471
5690 87.6471
5697 87.6471
5703 87.6471
5709 87.6471
5715 87.6471
5721 87.6471
5727 87.6471
5734 87.6471
5740 87.6471
5746 87.6471
5820 87.6471
5826 87.6471
5832 87.6471
5839 87.6471
5845 87.6471
5852 87.6471
5859 87.6471
5865 87.6471
5871 87.6471
5878 87.6471
5952 87.6471
5958 87.6471
5965 87.6471
5971 87.6471
5978 87.6471
5985 87.6471
5991 87.6471
5997 87.6471
6004 87.6471
6010 87.6471
6085 87.6471
6092 87.6471
6099 87.6471
6105 87.6471
6111 87.6471
6117 87.6471
6124 87.6471
6131 87.6471
6137 87.6471
6143 87.6471
6218 87.6471
6224 87.6471
6230 87.6471
6237 87.6471
6243 87.6471
6249 87.6471
6256 87.6471
6263 87.6471
6270 87.6471
6276 87.6471
6350 87.6471
6357 87.6471
6364 87.6471
6370 87.6471
6376 87.6471
6382 87.6471
6389 87.6471
6395 87.6471
6401 87.6471
6407 87.6471
6481 87.6471
6487 87.6471
6493 87.6471
6500 87.6471
6507 87.6471
6513 87.6471
6520 87.6471
6527 87.6471
6533 87.6471
6539 87.6471
6614 87.6471
6621 87.6471
6627 87.6471
6634 87.6471
6641 87.6471
6648 87.6471
6654 87.6471
6660 87.6471
6666 87.6471
6672 87.6471
6747 87.6471
6753 87.6471
6760 87.6471
6767 87.6471
6773 87.6471
6780 87.6471
6786 87.6471
6793 87.6471
6800 87.6471
6806 87.6471
6880 87.6471
6887 87.6471
6893 87.6471
6899 87.6471
6906 87.6471
6913 87.6471
6919 87.6471
6926 87.6471
6932 87.6471
6939 87.6471
7013 87.6471
7020 87.6471
7027 87.6471
7033 87.6471
7040 87.6471
7047 87.6471
7054 87.6471
7061 87.6471
7067 87.6471
7073 87.6471
7147 87.6471
7154 87.6471
7160 87.6471
7166 87.6471
7172 87.6471
7179 87.6471
7185 87.6471
7191 87.6471
7197 87.6471
7204 87.6471
7278 87.6471
7284 87.6471
7291 87.6471
7298 87.6471
7304 87.6471
7310 87.6471
7316 87.6471
7323 87.6471
7330 87.6471
7336 87.6471
7410 87.6471
7416 87.6471
7422 87.6471
7428 87.6471
7434 87.6471
7440 87.6471
7447 87.6471
7453 87.6471
7459 87.6471
7466 87.6471
7540 87.6471
7547 87.6471
7553 87.6471
7560 87.6471
7566 87.6471
7572 87.6471
7579 87.6471
7585 87.6471
7591 87.6471
7598 87.6471
7672 87.6471
7679 87.6471
7685 87.6471
7691 87.6471
7697 87.6471
7703 87.6471
7710 87.6471
7716 87.6471
7722 87.6471
7729 87.6471
7803 87.6471
7810 87.6471
7817 87.6471
7823 87.6471
7830 87.6471
7836 87.6471
7842 87.6471
7848 87.6471
7854 87.6471
7861 87.6471
7935 87.6471
7941 87.6471
7947 87.6471
7954 87.6471
7960 87.6471
7967 87.6471
7974 87.6471
7980 87.6471
7986 87.6471
7992 87.6471
8067 87.6471
8074 87.6471
8081 87.6471
8088 87.6471
8094 87.6471
8100 87.6471
8107 87.6471
8114 87.6471
8120 87.6471
8127 87.6471
8201 87.6471
8207 87.6471
8214 87.6471
8221 87.6471
8227 87.6471
8233 87.6471
8239 87.6471
8246 87.6471
8252 87.6471
8258 87.6471
8333 87.6471
8340 87.6471
8347 87.6471
8353 87.6471
8359 87.6471
8365 87.6471
8372 87.6471
8378 87.6471
8384 87.6471
8391 87.6471
8465 87.6471
8472 87.6471
8479 87.6471
8486 87.6471
8492 87.6471
8499 87.6471
8506 87.6471
8513 87.6471
8520 87.6471
8527 87.6471
8601 87.6471
8607 87.6471
8613 87.6471
8619 87.6471
8626 87.6471
8632 87.6471
8638 87.6471
8644 87.6471
8651 87.6471
8658 87.6471
8733 87.6471
8739 87.6471
8746 87.6471
8753 87.6471
8760 87.6471
8767 87.6471
8774 87.6471
8780 87.6471
8786 87.6471
8793 87.6471
8867 87.6471
8873 87.6471
8879 87.6471
8886 87.6471
8893 87.6471
8899 87.6471
8905 87.6471
8911 87.6471
8917 87.6471
8923 87.6471
8997 87.6471
9003 87.6471
9010 87.6471
9016 87.6471
9023 87.6471
9030 87.6471
9036 87.6471
9042 87.6471
9049 87.6471
9055 87.6471
9129 87.6471
9136 87.6471
9142 87.6471
9149 87.6471
9155 87.6471
9162 87.6471
9168 87.6471
9174 87.6471
9180 87.6471
9187 87.6471
9261 87.6471
9268 87.6471
9275 87.6471
9282 87.6471
9288 87.6471
9294 87.6471
9300 87.6471
9306 87.6471
9312 87.6471
9318 87.6471
9393 87.6471
9399 87.6471
9406 87.6471
9413 87.6471
9420 87.6471
9426 87.6471
9433 87.6471
9439 87.6471
9446 87.6471
9452 87.6471
9527 87.6471
9533 87.6471
9539 87.6471
9545 87.6471
9551 87.6471
9557 87.6471
9563 87.6471
9570 87.6471
9577 87.6471
9583 87.6471
9657 87.6471
9664 87.6471
9671 87.6471
9677 87.6471
9684 87.6471
9691 87.6471
9697 87.6471
9703 87.6471
9709 87.6471
9716 87.6471
9791 87.6471
9798 87.6471
9804 87.6471
9810 87.6471
9817 87.6471
9824 87.6471
9831 87.6471
9838 87.6471
9844 87.6471
9850 87.6471
9924 87.6471
9930 87.6471
9937 87.6471
9944 87.6471
9950 87.6471
9957 87.6471
9963 87.6471
9969 87.6471
9975 87.6471
9982 87.6471
10056 87.6471
10063 87.6471
10069 87.6471
10075 87.6471
10081 87.6471
10087 87.6471
10093 87.6471
10099 87.6471
10106 87.6471
10113 87.6471
10187 87.6471
10193 87.6471
10199 87.6471
10205 87.6471
10212 87.6471
10218 87.6471
10225 87.6471
10231 87.6471
10238 87.6471
10244 87.6471
10319 87.6471
10325 87.6471
10331 87.6471
10337 87.6471
10344 87.6471
10351 87.6471
10357 87.6471
10363 87.6471
10369 87.6471
10375 87.6471
10449 87.6471
10455 87.6471
10461 87.6471
10468 87.6471
10475 87.6471
10482 87.6471
10488 87.6471
10495 87.6471
10502 87.6471
10508 87.6471
10582 87.6471
10588 87.6471
10595 87.6471
10602 87.6471
10608 87.6471
10614 87.6471
10621 87.6471
10627 87.6471
10634 87.6471
10641 87.6471
10716 87.6471
10723 87.6471
10729 87.6471
10735 87.6471
10741 87.6471
10747 87.6471
10754 87.6471
10760 87.6471
10766 87.6471
10773 87.6471
10848 87.6471
10854 87.6471
10861 87.6471
10868 87.6471
10875 87.6471
10881 87.6471
10888 87.6471
10895 87.6471
10902 87.6471
10908 87.6471
10982 87.6471
10988 87.6471
10995 87.6471
11001 87.6471
11008 87.6471
11015 87.6471
11022 87.6471
11029 87.6471
11036 87.6471
11042 87.6471
11116 87.6471
11123 87.6471
11130 87.6471
11136 87.6471
11142 87.6471
11149 87.6471
11156 87.6471
11162 87.6471
11168 87.6471
11175 87.6471
11249 87.6471
11256 87.6471
11262 87.6471
11268 87.6471
11275 87.6471
11281 87.6471
11288 87.6471
11295 87.6471
11302 87.6471
11308 87.6471
11382 87.6471
11388 87.6471
11395 87.6471
11402 87.6471
11409 87.6471
11415 87.6471
11421 87.6471
11427 87.6471
11433 87.6471
11439 87.6471
11513 87.6471
11519 87.6471
11526 87.6471
11532 87.6471
11538 87.6471
11544 87.6471
11551 87.6471
11557 87.6471
11563 87.6471
11569 87.6471
11644 87.6471
11651 87.6471
11657 87.6471
11663 87.6471
11670 87.6471
11676 87.6471
11683 87.6471
11689 87.6471
11695 87.6471
11702 87.6471
11777 87.6471
11783 87.6471
11790 87.6471
11797 87.6471
11804 87.6471
11810 87.6471
11816 87.6471
11822 87.6471
11829 87.6471
11836 87.6471
11910 87.6471
11916 87.6471
11922 87.6471
11929 87.6471
11935 87.6471
11941 87.6471
11948 87.6471
11954 87.6471
11960 87.6471
11966 89.1176
12041 89.1176
12048 89.1176
12054 89.1176
12060 89.1176
12066 89.1176
12073 89.1176
12080 89.1176
12086 89.1176
12093 89.1176
12099 89.1176
12173 89.1176
12179 89.1176
12185 89.1176
12191 89.1176
12197 89.1176
12203 89.1176
12210 89.1176
12217 89.1176
12224 89.1176
12230 89.1176
12304 89.1176
12310 89.1176
12316 89.1176
12322 89.1176
12328 89.1176
12335 89.1176
12341 89.1176
12348 89.1176
12354 89.1176
12361 89.1176
12436 89.1176
12443 89.1176
12449 89.1176
12456 89.1176
12463 89.1176
12469 89.1176
12475 89.1176
12481 89.1176
12488 89.1176
12495 89.1176
12569 89.1176
12575 89.1176
12582 89.1176
12588 89.1176
12594 89.1176
12601 89.1176
12608 89.1176
12614 89.1176
12620 89.1176
12627 89.1176
12701 89.1176
12708 89.1176
12714 89.1176
12721 89.1176
12728 89.1176
12735 89.1176
12741 89.1176
12748 89.1176
12754 89.1176
12761 89.1176
12836 89.1176
12843 89.1176
12849 89.1176
12856 89.1176
12863 89.1176
12870 89.1176
12876 89.1176
12883 89.1176
12890 89.1176
12897 89.1176
12972 89.1176
12979 89.1176
12986 89.1176
12993 89.1176
12999 89.1176
13005 89.1176
13012 89.1176
13018 89.1176
13024 89.1176
13030 89.1176
13105 89.1176
13111 89.1176
13118 89.1176
13125 89.1176
13132 89.1176
13138 89.1176
13144 89.1176
13150 89.1176
13157 89.1176
13163 89.1176
13237 89.1176
13243 89.1176
13250 89.1176
13256 89.1176
13262 89.1176
13268 89.1176
13274 89.1176
13281 89.1176
13288 89.1176
13295 89.1176
13370 89.1176
13376 89.1176
13383 89.1176
13389 89.1176
13395 89.1176
13401 89.1176
13408 89.1176
13415 89.1176
13421 89.1176
13427 89.1176
13501 89.1176
13507 89.1176
13513 89.1176
13519 89.1176
13525 89.1176
13531 89.1176
13538 89.1176
13544 89.1176
13550 89.1176
13557 89.1176
13631 90.5882
13637 90.5882
13644 90.5882
13650 90.5882
13657 90.5882
13664 90.5882
13671 90.5882
13678 90.5882
13684 90.5882
13691 90.5882
13765 90.7248
13771 90.7248
13778 90.7248
13784 90.7248
13790 90.7248
13796 90.7248
13802 90.7248
13809 90.7248
13816 90.7248
13823 90.7248
13897 90.7248
13903 90.7248
13909 90.7248
13915 90.7248
13921 90.7248
13927 90.7248
13934 90.7248
13940 90.7248
13947 90.7248
13953 90.7248
14027 90.7248
14033 90.7248
14039 90.7248
14045 90.7248
14051 90.7248
14057 90.7248
14063 90.7248
14070 90.7248
14076 90.7248
14083 90.7248
14157 90.7248
14163 90.7248
14169 90.7248
14176 90.7248
14182 90.7248
14189 90.7248
14195 90.7248
14202 90.7248
14208 90.7248
14215 90.7248
14289 90.9034
14295 90.9034
14301 90.9034
14307 90.9034
14313 90.9034
14319 90.9034
14325 90.9034
14331 90.9034
14337 90.9034
14343 90.9034
14418 90.9034
14424 90.9034
14430 90.9034
14436 90.9034
14442 90.9034
14449 90.9034
14455 90.9034
14461 90.9034
14468 90.9034
14475 90.9034
14550 91.1239
14556 91.1239
14562 91.1239
14568 91.1239
14575 91.1239
14582 91.1239
14588 91.1239
14594 91.1239
14600 91.1239
14606 91.1239
14680 91.1239
14687 91.1239
14694 91.1239
14701 91.1239
14708 91.1239
14715 91.1239
14721 91.1239
14727 91.1239
14733 91.1239
14740 91.1239
14815 91.1239
14822 91.1239
14828 91.1239
14834 91.1239
14841 91.1239
14847 91.1239
14853 91.1239
14860 91.1239
14866 91.1239
14873 91.1239
14947 91.1239
14953 91.1239
14959 91.1239
14966 91.1239
14972 91.1239
14979 91.1239
14986 91.1239
14993 91.1239
14999 91.1239
15005 91.1239
