100 63.8267
150 63.8267
200 63.8267
250 64.5855
300 64.5855
350 66.1869
400 66.1869
450 70.0178
500 70.0178
550 70.0178
600 70.0178
650 70.0178
700 71.1796
750 72.0222
800 72.0222
850 72.1164
900 73.184
950 73.5399
1000 78.1296
1050 78.1296
1100 78.1296
1150 78.1296
1200 78.6634
1250 81.7825
1300 81.7825
1350 81.7825
1400 82.1384
1450 84.1899
1500 84.3678
1550 84.3678
1600 84.5457
1650 85.0795
1700 85.0795
1750 85.0795
1800 85.0795
1850 85.0795
1900 85.0795
1950 85.0795
2000 85.0795
2050 85.0795
2100 85.2575
2150 85.2575
2200 85.4354
2250 86.1943
2300 86.3722
2350 86.3722
2400 87.0839
2450 87.0839
2500 87.0839
2550 87.0839
2600 87.0839
2650 87.0839
2700 87.0839
2750 87.0839
2800 87.0839
2850 87.0839
2900 87.0839
2950 88.0207
3000 88.5545
3050 88.5545
3100 88.5545
3150 88.5545
3200 88.5545
3250 88.5545
3300 88.5545
3350 88.5545
3400 88.7325
3450 88.7325
3500 88.7325
3550 88.7325
3600 88.7325
3650 88.7325
3700 88.7325
3750 88.7325
3800 88.7325
3850 88.7325
3900 88.7325
3950 88.7325
4000 88.7325
4050 88.7325
4100 88.7325
4150 88.7325
4200 88.7325
4250 88.7325
4300 88.7325
4350 88.7325
4400 88.7325
4450 88.7325
4500 88.7325
4550 88.7325
4600 88.7325
4650 88.7325
4700 88.7325
4750 88.7325
4800 88.7325
4850 88.7325
4900 88.7325
4950 88.7325
5000 88.7325
5050 88.7325
5100 88.7325
5150 88.7325
5200 88.7325
5250 88.7325
5300 88.7325
5350 88.7325
5400 88.7325
5450 88.7325
5500 88.7325
5550 88.7325
5600 88.7325
5650 88.7325
5700 88.7325
5750 88.7325
5800 88.7325
5850 88.7325
5900 88.7325
5950 88.7325
6000 88.7325
6050 88.7325
6100 88.7325
6150 88.7325
6200 88.7325
6250 88.7325
6300 88.7325
6350 88.7325
6400 88.7325
6450 88.7325
6500 88.7325
6550 88.7325
6600 88.7325
6650 88.7325
6700 88.7325
6750 88.7325
6800 88.7325
6850 88.7325
6900 88.7325
6950 88.7325
7000 88.7325
7050 88.7325
7100 88.7325
7150 88.7325
7200 88.7325
7250 88.7325
7300 88.7325
7350 88.7325
7400 88.7325
7450 88.7325
7500 88.7325
7550 88.7325
7600 88.7325
7650 88.7325
7700 88.7325
7750 88.7325
7800 88.7325
7850 88.7325
7900 88.7325
7950 88.7325
8000 88.7325
8050 88.7325
8100 88.7325
8150 88.7325
8200 88.7325
8250 88.7325
8300 88.7325
8350 88.7325
8400 88.7325
8450 88.7325
8500 88.7325
8550 88.7325
8600 88.7325
8650 88.7325
8700 88.7325
8750 88.7325
8800 88.7325
8850 88.7325
8900 88.7325
8950 88.7325
9000 88.7325
9050 88.7325
9100 88.7325
9150 88.7325
9200 88.7325
9250 88.7325
9300 88.7325
9350 88.7325
9400 88.7325
9450 88.7325
9500 88.7325
9550 88.7325
9600 88.7325
9650 88.7325
9700 88.7325
9750 88.7325
9800 88.7325
9850 88.7325
9900 88.7325
9950 88.7325
10000 88.7325
10050 88.7325
10100 88.7325
10150 88.7325
10200 88.7325
10250 88.7325
10300 88.7325
10350 88.7325
10400 88.7325
10450 88.7325
10500 88.7325
10550 88.7325
10600 88.7325
10650 88.7325
10700 88.7325
10750 88.7325
10800 88.7325
10850 88.7325
10900 88.7325
10950 88.7325
11000 88.7325
11050 88.7325
11100 88.7325
11150 88.7325
11200 88.7325
11250 88.7325
11300 88.7325
11350 88.7325
11400 88.7325
11450 88.7325
11500 88.7325
11550 88.7325
11600 88.7325
11650 88.7325
11700 88.7325
11750 88.7325
11800 88.7325
11850 88.7325
11900 88.7325
11950 88.7325
12000 88.7325
12050 88.7325
12100 88.7325
12150 88.7325
12200 88.7325
12250 88.7325
12300 88.7325
12350 88.7325
12400 88.7325
12450 88.7325
12500 88.7325
12550 88.7325
12600 88.7325
12650 88.7325
12700 88.7325
12750 88.7325
12800 88.7325
12850 88.7325
12900 88.7325
12950 88.7325
13000 88.7325
13050 88.7325
13100 88.7325
13150 88.7325
13200 88.7325
13250 88.7325
13300 88.7325
13350 88.7325
13400 88.7325
13450 88.7325
13500 88.7325
13550 88.7325
13600 88.7325
13650 88.7325
13700 88.7325
13750 88.7325
13800 88.7325
13850 88.7325
13900 88.7325
13950 88.7325
14000 88.7325
14050 88.7325
14100 88.7325
14150 88.7325
14200 88.7325
14250 88.7325
14300 88.7325
14350 88.7325
14400 88.7325
14450 88.7325
14500 88.7325
14550 88.7325
14600 88.7325
14650 88.7325
14700 88.7325
14750 88.7325
14800 88.7325
14850 88.7325
14900 88.7325
14950 88.7325
15000 88.7325
