100 49.3458
150 54.2443
200 59.7708
250 59.7708
300 59.7708
350 59.7708
400 60.5296
450 64.7163
500 64.7163
550 66.7678
600 66.7678
650 66.7678
700 66.7678
750 66.7678
800 68.0605
850 73.0061
900 75.2355
950 75.2355
1000 75.2355
1050 75.2355
1100 76.3031
1150 76.3031
1200 76.3031
1250 76.3031
1300 76.3031
1350 76.3031
1400 76.3031
1450 76.3031
1500 79.1606
1550 81.8296
1600 81.8296
1650 82.7664
1700 82.7664
1750 85.8384
1800 85.8384
1850 85.8384
1900 85.8384
1950 85.8384
2000 85.8384
2050 87.759
2100 87.759
2150 87.759
2200 87.759
2250 87.759
2300 87.759
2350 87.759
2400 87.759
2450 88.8267
2500 88.8267
2550 88.8267
2600 88.8267
2650 88.8267
2700 88.8267
2750 88.8267
2800 88.8267
2850 89.3605
2900 89.3605
2950 89.5384
3000 89.5384
3050 89.5384
3100 89.5384
3150 89.5384
3200 89.5384
3250 89.5384
3300 90.4281
3350 90.4281
3400 90.4281
3450 90.4281
3500 90.4281
3550 91.6736
3600 91.6736
3650 91.6736
3700 91.6736
3750 91.6736
3800 91.6736
3850 91.6736
3900 91.6736
3950 91.6736
4000 91.6736
4050 91.6736
4100 91.6736
4150 91.6736
4200 91.6736
4250 91.6736
4300 91.6736
4350 91.6736
4400 91.6736
4450 91.6736
4500 91.6736
4550 91.6736
4600 91.6736
4650 91.6736
4700 91.6736
4750 91.6736
4800 91.6736
4850 91.6736
4900 91.6736
4950 91.6736
5000 91.6736
5050 91.6736
5100 91.6736
5150 91.6736
5200 91.6736
5250 91.6736
5300 91.6736
5350 91.6736
5400 91.6736
5450 91.6736
5500 91.6736
5550 91.6736
5600 91.6736
5650 91.6736
5700 91.6736
5750 91.6736
5800 91.6736
5850 91.6736
5900 91.6736
5950 91.6736
6000 91.6736
6050 91.6736
6100 91.8516
6150 91.8516
6200 91.8516
6250 92.2075
6300 92.2075
6350 92.2075
6400 92.2075
6450 92.3854
6500 92.3854
6550 92.3854
6600 92.3854
6650 92.3854
6700 92.3854
6750 92.3854
6800 92.3854
6850 92.3854
6900 92.3854
6950 92.3854
7000 92.3854
7050 92.3854
7100 92.3854
7150 92.3854
7200 92.3854
7250 92.3854
7300 92.3854
7350 92.3854
7400 92.3854
7450 92.3854
7500 92.3854
7550 92.3854
7600 92.5633
7650 92.5633
7700 92.5633
7750 92.5633
7800 92.5633
7850 92.5633
7900 92.5633
7950 92.5633
8000 92.5633
8050 92.5633
8100 92.5633
8150 92.5633
8200 92.5633
8250 92.5633
8300 92.5633
8350 92.5633
8400 92.5633
8450 92.5633
8500 92.5633
8550 92.5633
8600 92.5633
8650 92.5633
8700 92.5633
8750 92.5633
8800 92.5633
8850 92.5633
8900 92.5633
8950 92.5633
9000 92.5633
9050 92.5633
9100 92.5633
9150 92.5633
9200 92.5633
9250 92.5633
9300 92.5633
9350 92.5633
9400 92.5633
9450 92.5633
9500 92.5633
9550 92.5633
9600 92.5633
9650 92.5633
9700 92.5633
9750 92.5633
9800 92.5633
9850 92.5633
9900 92.5633
9950 92.5633
10000 92.5633
10050 92.5633
10100 92.5633
10150 92.5633
10200 92.5633
10250 92.5633
10300 92.5633
10350 92.5633
10400 92.5633
10450 92.5633
10500 92.5633
10550 92.5633
10600 92.5633
10650 92.5633
10700 92.5633
10750 92.5633
10800 92.5633
10850 92.5633
10900 92.5633
10950 92.5633
11000 92.5633
11050 92.5633
11100 92.5633
11150 92.5633
11200 92.5633
11250 92.5633
11300 92.5633
11350 92.5633
11400 92.5633
11450 92.5633
11500 92.5633
11550 92.5633
11600 92.5633
11650 92.5633
11700 92.5633
11750 92.5633
11800 92.5633
11850 92.5633
11900 92.5633
11950 92.5633
12000 92.5633
12050 92.5633
12100 92.5633
12150 92.5633
12200 92.5633
12250 92.5633
12300 92.5633
12350 92.5633
12400 92.5633
12450 92.5633
12500 92.5633
12550 92.5633
12600 92.5633
12650 92.5633
12700 92.5633
12750 92.5633
12800 92.5633
12850 92.5633
12900 92.5633
12950 92.5633
13000 92.5633
13050 92.5633
13100 92.5633
13150 92.5633
13200 92.5633
13250 92.5633
13300 92.5633
13350 92.5633
13400 92.5633
13450 92.5633
13500 92.5633
13550 92.5633
13600 92.5633
13650 92.5633
13700 92.5633
13750 92.5633
13800 92.5633
13850 92.5633
13900 92.5633
13950 92.5633
14000 92.5633
14050 92.5633
14100 92.5633
14150 92.5633
14200 92.5633
14250 92.5633
14300 92.5633
14350 92.5633
14400 92.5633
14450 92.5633
14500 92.5633
14550 92.5633
14600 92.5633
14650 92.5633
14700 92.5633
14750 92.5633
14800 92.5633
14850 92.5633
14900 92.5633
14950 92.5633
15000 92.5633
