48 69.6619
105 76.6119
156 79.0193
215 81.2016
274 81.2016
329 83.028
379 83.206
429 84.3207
500 85.2575
563 85.2575
621 86.1943
682 86.1943
752 86.1943
817 86.9531
896 88.0207
958 88.9575
1018 89.4442
1098 89.8472
1200 90.0251
1297 90.0251
1375 90.0251
1446 90.0251
1539 90.0251
1615 90.0251
1693 90.0251
1778 90.0251
1846 90.0251
1943 90.0251
2077 90.0251
2177 90.0251
2299 90.0251
2383 90.0251
2497 90.0251
2598 90.2031
2710 90.2031
2835 90.2031
2969 90.2031
3110 90.2031
3228 90.2031
3321 90.2031
3452 90.2031
3581 90.2031
3706 90.2031
3819 90.2031
3973 90.2031
4181 90.2031
4347 90.2031
4512 90.2031
4663 90.2031
4874 90.2031
5052 90.2031
5248 90.2031
5425 90.2031
5594 90.2031
5787 90.2031
5989 90.2031
6165 90.2031
6356 90.2031
6486 90.2031
6718 90.2031
6896 90.2031
7132 90.2031
7431 90.2031
7666 90.2031
7839 90.2031
8077 90.2031
8314 90.2031
8534 90.2031
8751 90.2031
8985 90.2031
9192 91.6736
9448 91.6736
9748 91.6736
10005 91.6736
10263 91.6736
10555 91.6736
10887 91.6736
11204 91.6736
11412 91.6736
11683 91.6736
11981 91.6736
12318 91.6736
12651 91.6736
12991 91.6736
13285 91.6736
13625 91.6736
13946 91.6736
14286 91.6736
14626 91.6736
14966 91.6736
15000 91.6736
