1 61.7752
2 61.7752
3 61.7752
4 61.7752
5 61.7752
6 61.7752
7 61.7752
8 63.6016
9 63.6016
10 63.6016
11 63.6016
12 63.6016
13 63.6016
14 63.6016
15 65.0722
16 65.0722
17 65.0722
18 65.0722
19 66.8987
20 66.8987
21 66.8987
22 66.8987
23 66.8987
24 66.8987
25 66.8987
26 66.8987
27 66.8987
28 66.8987
29 66.8987
30 66.8987
31 66.8987
32 66.8987
33 66.8987
34 66.8987
35 66.8987
36 66.8987
37 66.8987
38 66.8987
39 66.8987
40 66.8987
41 67.8355
42 67.8355
43 67.8355
44 67.8355
45 67.8355
46 68.0134
47 68.0134
48 68.0134
49 68.0134
50 68.0134
51 68.0134
52 68.0134
53 68.0134
54 68.0134
55 68.0134
56 68.0134
57 68.0134
58 68.0134
59 68.0134
60 68.0134
61 68.0134
62 69.306
63 69.306
64 69.484
65 69.484
66 69.484
67 69.484
68 69.484
69 69.484
70 69.484
71 69.484
72 69.484
73 69.484
74 69.484
75 69.484
76 69.484
77 69.6619
78 70.0178
79 70.0178
80 70.1957
81 70.1957
82 70.1957
83 70.1957
84 70.1957
85 70.3737
86 70.3737
87 70.3737
88 70.3737
89 70.3737
90 70.3737
91 70.3737
92 70.3737
93 70.3737
94 70.3737
95 70.3737
96 70.3737
97 70.3737
98 70.3737
99 70.3737
100 70.3737
101 70.3737
102 70.3737
103 70.3737
104 70.3737
105 70.3737
106 70.3737
107 70.3737
108 70.3737
109 70.3737
110 70.3737
111 70.3737
112 70.3737
113 71.3104
114 72.6031
115 72.6031
116 72.781
117 72.781
118 72.781
119 72.781
120 72.781
121 72.781
122 72.781
123 72.781
124 72.781
125 72.781
126 73.1369
127 73.1369
128 73.1369
129 73.1369
130 73.1369
131 73.1369
132 73.1369
133 73.1369
134 73.1369
135 73.1369
136 73.1369
137 73.1369
138 73.1369
139 73.1369
140 73.1369
141 74.2516
142 74.2516
143 74.2516
144 74.2516
145 74.2516
146 74.2516
147 74.2516
148 74.2516
149 74.2516
150 74.6075
151 74.6075
152 76.0781
153 76.0781
154 76.0781
155 76.0781
156 76.0781
157 76.0781
158 76.0781
159 76.0781
160 76.0781
161 76.0781
162 76.0781
163 76.0781
164 76.0781
165 76.0781
166 78.0825
167 78.0825
168 78.0825
169 78.0825
170 78.0825
171 78.0825
172 78.0825
173 78.0825
174 78.0825
175 78.0825
176 78.0825
177 78.0825
178 78.0825
179 78.0825
180 78.0825
181 78.0825
182 78.0825
183 78.0825
184 78.0825
185 78.0825
186 78.0825
187 78.0825
188 78.0825
189 78.0825
190 78.0825
191 78.0825
192 78.0825
193 78.0825
194 78.0825
195 78.0825
196 78.0825
197 78.0825
198 78.0825
199 78.0825
200 78.0825
201 78.0825
202 78.0825
203 78.0825
204 78.0825
205 78.0825
206 78.0825
207 78.0825
208 78.0825
209 78.0825
210 78.0825
211 78.0825
212 78.0825
213 78.0825
214 78.0825
215 78.0825
216 78.0825
217 78.0825
218 78.0825
219 78.0825
220 78.0825
221 78.0825
222 78.0825
223 78.0825
224 78.0825
225 78.0825
226 78.0825
227 78.0825
228 78.0825
229 78.0825
230 78.0825
231 78.0825
232 78.0825
233 78.0825
234 78.0825
235 78.0825
236 78.0825
237 78.0825
238 78.0825
239 78.0825
240 78.0825
241 78.0825
242 78.0825
243 78.0825
244 78.0825
245 78.0825
246 78.0825
247 78.0825
248 78.0825
249 78.0825
250 78.0825
251 78.0825
252 78.0825
253 78.0825
254 78.0825
255 78.0825
256 78.0825
257 78.0825
258 78.0825
259 78.0825
260 78.0825
261 78.0825
262 78.0825
263 78.0825
264 78.0825
265 78.0825
266 78.0825
267 78.0825
268 78.0825
269 78.0825
270 78.0825
271 78.0825
272 78.0825
273 78.0825
274 78.0825
275 78.0825
276 78.8413
277 78.8413
278 78.8413
279 78.8413
280 78.8413
281 78.8413
282 78.8413
283 78.8413
284 78.8413
285 78.8413
286 78.8413
287 78.8413
288 78.8413
289 78.8413
290 78.8413
291 78.8413
292 78.8413
293 78.8413
294 78.8413
295 78.8413
296 78.8413
297 78.8413
298 78.8413
299 78.8413
300 78.8413
301 78.8413
302 78.8413
303 78.8413
304 78.8413
305 78.8413
306 78.8413
307 78.8413
308 78.8413
309 78.8413
310 78.8413
311 79.0193
312 79.0193
313 79.0193
314 79.0193
315 79.0193
316 79.0193
317 79.0193
318 79.0193
319 79.0193
320 79.0193
321 79.0193
322 79.0193
323 79.0193
324 79.0193
325 79.0193
326 79.0193
327 79.0193
328 79.0193
329 79.0193
330 79.0193
331 79.0193
332 79.0193
333 79.0193
334 79.0193
335 79.0193
336 79.0193
337 79.0193
338 79.0193
339 79.0193
340 79.0193
341 79.0193
342 79.0193
343 79.0193
344 79.0193
345 80.3119
346 80.3119
347 80.3119
348 80.3119
349 80.3119
350 80.3119
351 80.3119
352 80.3119
353 80.3119
354 80.3119
355 80.3119
356 80.6678
357 80.6678
358 80.8457
359 80.8457
360 80.8457
361 80.8457
362 80.8457
363 80.8457
364 80.8457
365 80.8457
366 80.8457
367 82.4942
368 82.4942
369 82.4942
370 82.4942
371 82.4942
372 82.4942
373 82.4942
374 82.4942
375 82.4942
376 82.4942
377 82.4942
378 82.4942
379 82.4942
380 82.4942
381 82.4942
382 82.4942
383 82.4942
384 82.4942
385 82.4942
386 82.4942
387 82.4942
388 82.4942
389 82.4942
390 82.4942
391 82.4942
392 82.4942
393 82.4942
394 82.4942
395 82.4942
396 82.4942
397 82.4942
398 82.4942
399 82.4942
400 82.4942
401 82.4942
402 82.4942
403 82.4942
404 82.4942
405 82.4942
406 82.6722
407 82.6722
408 82.6722
409 82.6722
410 82.6722
411 82.6722
412 82.6722
413 82.6722
414 82.6722
415 82.6722
416 82.6722
417 82.6722
418 82.6722
419 82.6722
420 82.6722
421 82.6722
422 82.6722
423 82.6722
424 82.6722
425 82.6722
426 82.6722
427 82.6722
428 82.6722
429 82.6722
430 82.6722
431 82.6722
432 82.6722
433 82.6722
434 82.6722
435 82.6722
436 82.6722
437 82.6722
438 82.6722
439 82.6722
440 82.6722
441 82.6722
442 82.6722
443 82.6722
444 82.6722
445 82.6722
446 82.6722
447 82.6722
448 82.6722
449 82.6722
450 82.6722
451 82.6722
452 82.6722
453 82.6722
454 82.6722
455 82.6722
456 82.6722
457 82.6722
458 82.6722
459 82.6722
460 82.6722
461 82.6722
462 82.6722
463 82.6722
464 82.6722
465 82.6722
466 82.6722
467 82.6722
468 82.6722
469 82.6722
470 82.6722
471 82.6722
472 82.6722
473 82.6722
474 82.6722
475 82.6722
476 82.6722
477 82.6722
478 82.6722
479 82.6722
480 82.6722
481 82.6722
482 82.6722
483 82.6722
484 82.6722
485 82.6722
486 82.6722
487 82.6722
488 82.6722
489 82.6722
490 82.6722
491 82.6722
492 82.6722
493 82.6722
494 82.6722
495 82.6722
496 82.6722
497 82.6722
498 82.6722
499 82.6722
500 82.6722
501 82.6722
502 82.6722
503 82.6722
504 82.6722
505 82.6722
506 82.6722
507 82.6722
508 82.6722
509 82.6722
510 82.6722
511 82.6722
512 82.6722
513 82.6722
514 82.6722
515 82.6722
516 82.6722
517 82.6722
518 82.6722
519 82.6722
520 82.6722
521 82.6722
522 82.6722
523 82.6722
524 82.6722
525 82.6722
526 82.6722
527 82.6722
528 82.6722
529 82.6722
530 82.6722
531 82.6722
532 82.6722
533 82.6722
534 82.6722
535 82.6722
536 82.6722
537 82.6722
538 82.6722
539 82.6722
540 82.6722
541 82.6722
542 82.6722
543 82.6722
544 82.6722
545 82.6722
546 82.6722
547 82.6722
548 82.6722
549 82.6722
550 82.6722
551 82.6722
552 82.6722
553 82.6722
554 82.6722
555 82.6722
556 82.6722
557 82.6722
558 82.6722
559 82.6722
560 82.6722
561 82.6722
562 82.6722
563 82.6722
564 82.6722
565 82.6722
566 82.6722
567 82.6722
568 82.6722
569 82.6722
570 82.6722
571 82.6722
572 82.6722
573 82.6722
574 82.6722
575 82.6722
576 82.6722
577 82.6722
578 83.609
579 83.609
580 83.609
581 83.7869
582 83.7869
583 83.7869
584 83.7869
585 83.7869
586 83.7869
587 83.7869
588 83.7869
589 83.7869
590 83.7869
591 83.7869
592 83.7869
593 83.7869
594 83.7869
595 83.7869
596 83.7869
597 83.7869
598 83.7869
599 83.7869
600 84.3678
601 84.3678
602 84.3678
603 84.3678
604 84.3678
605 84.3678
606 84.3678
607 84.3678
608 84.3678
609 84.3678
610 84.3678
611 84.3678
612 84.3678
613 84.3678
614 84.3678
615 84.3678
616 84.3678
617 84.3678
618 84.3678
619 84.3678
620 84.3678
621 84.3678
622 84.5457
623 84.5457
624 84.5457
625 84.5457
626 84.5457
627 84.5457
628 84.5457
629 84.5457
630 84.5457
631 84.5457
632 84.9016
633 84.9016
634 84.9016
635 84.9016
636 84.9016
637 84.9016
638 84.9016
639 84.9016
640 86.0163
641 86.0163
642 86.0163
643 86.0163
644 86.0163
645 86.0163
646 86.0163
647 86.0163
648 86.0163
649 86.0163
650 86.0163
651 86.0163
652 86.0163
653 86.0163
654 86.1943
655 86.1943
656 86.1943
657 86.1943
658 86.1943
659 86.1943
660 86.1943
661 86.1943
662 86.1943
663 86.1943
664 86.1943
665 86.1943
666 86.1943
667 86.1943
668 86.1943
669 86.1943
670 86.1943
671 86.1943
672 86.1943
673 86.1943
674 86.1943
675 86.1943
676 86.1943
677 86.1943
678 86.1943
679 86.1943
680 86.1943
681 86.1943
682 86.1943
683 86.1943
684 86.1943
685 86.1943
686 86.1943
687 86.1943
688 86.1943
689 86.1943
690 86.1943
691 86.1943
692 86.1943
693 86.1943
694 86.1943
695 86.1943
696 86.1943
697 86.1943
698 86.1943
699 86.1943
700 86.1943
701 86.1943
702 86.1943
703 86.1943
704 86.1943
705 86.1943
706 86.1943
707 86.1943
708 86.1943
709 86.1943
710 86.1943
711 86.1943
712 86.1943
713 86.1943
714 86.1943
715 86.1943
716 86.1943
717 86.1943
718 86.1943
719 86.1943
720 86.1943
721 86.1943
722 86.1943
723 87.131
724 87.131
725 87.131
726 87.131
727 87.131
728 87.131
729 87.131
730 87.131
731 87.131
732 87.131
733 87.131
734 87.131
735 87.131
736 87.131
737 87.131
738 87.131
739 87.131
740 87.131
741 87.131
742 87.131
743 87.131
744 87.131
745 87.131
746 87.131
747 87.131
748 87.131
749 87.131
750 87.131
751 87.131
752 87.131
753 87.131
754 87.131
755 87.131
756 87.131
757 87.131
758 87.131
759 87.131
760 87.131
761 87.131
762 87.131
763 87.131
764 87.131
765 87.131
766 87.131
767 87.131
768 87.131
769 87.131
770 87.131
771 87.131
772 87.131
773 87.131
774 87.131
775 87.131
776 87.131
777 87.131
778 87.131
779 87.131
780 87.131
781 87.131
782 87.131
783 87.131
784 87.131
785 87.131
786 87.131
787 87.131
788 87.131
789 87.131
790 87.131
791 87.131
792 87.131
793 87.131
794 87.131
795 87.131
796 87.131
797 87.131
798 87.131
799 87.131
800 87.131
801 87.131
802 87.131
803 87.131
804 87.131
805 87.131
806 87.131
807 87.131
808 87.131
809 87.131
810 87.131
811 87.131
812 87.131
813 87.131
814 87.131
815 87.131
816 87.131
817 87.131
818 87.131
819 87.131
820 87.131
821 87.131
822 87.131
823 87.131
824 87.131
825 87.131
826 87.131
827 87.131
828 87.131
829 87.131
830 87.131
831 87.2619
832 87.2619
833 87.2619
834 87.2619
835 87.2619
836 87.2619
837 87.2619
838 87.2619
839 87.2619
840 87.2619
841 87.2619
842 87.2619
843 87.2619
844 87.2619
845 87.2619
846 87.4398
847 87.4398
848 87.4398
849 87.4398
850 87.4398
851 87.4398
852 87.4398
853 87.4398
854 87.4398
855 87.4398
856 87.4398
857 87.4398
858 87.4398
859 87.4398
860 87.4398
861 87.4398
862 87.4398
863 87.4398
864 87.4398
865 87.4398
866 87.4398
867 87.4398
868 87.4398
869 87.4398
870 87.4398
871 87.4398
872 87.4398
873 87.4398
874 87.4398
875 87.4398
876 87.4398
877 87.4398
878 87.4398
879 87.4398
880 87.4398
881 87.4398
882 87.4398
883 87.4398
884 87.4398
885 87.4398
886 87.4398
887 87.4398
888 87.4398
889 87.4398
890 87.4398
891 87.4398
892 87.4398
893 87.4398
894 87.4398
895 87.4398
896 87.4398
897 87.4398
898 87.4398
899 87.4398
900 87.4398
901 87.4398
902 87.4398
903 87.4398
904 87.4398
905 87.4398
906 87.4398
907 87.4398
908 87.4398
909 87.4398
910 87.4398
911 87.4398
912 87.4398
913 87.4398
914 87.4398
915 87.4398
916 87.4398
917 87.4398
918 87.4398
919 87.4398
920 87.4398
921 87.4398
922 87.4398
923 87.4398
924 87.4398
925 87.4398
926 87.4398
927 87.4398
928 87.4398
929 87.4398
930 87.4398
931 87.4398
932 87.4398
933 87.4398
934 87.4398
935 87.4398
936 87.4398
937 87.4398
938 87.4398
939 87.4398
940 87.4398
941 87.4398
942 87.4398
943 87.4398
944 87.4398
945 87.4398
946 87.4398
947 87.4398
948 87.4398
949 87.4398
950 87.4398
951 87.4398
952 87.4398
953 87.4398
954 87.4398
955 87.4398
956 87.4398
957 87.4398
958 87.4398
959 87.4398
960 87.4398
961 87.4398
962 87.4398
963 87.4398
964 87.4398
965 87.4398
966 87.4398
967 87.4398
968 87.4398
969 87.4398
970 87.4398
971 87.4398
972 87.4398
973 87.4398
974 87.4398
975 87.4398
976 87.4398
977 87.4398
978 87.4398
979 87.4398
980 87.4398
981 87.4398
982 87.4398
983 87.4398
984 87.4398
985 87.4398
986 87.4398
987 87.4398
988 87.4398
989 87.4398
990 87.4398
991 87.4398
992 87.4398
993 87.4398
994 87.4398
995 87.4398
996 87.4398
997 87.4398
998 87.4398
999 87.4398
1000 87.4398
1001 87.4398
1002 87.4398
1003 87.4398
1004 87.4398
1005 87.4398
1006 87.4398
1007 87.4398
1008 87.4398
1009 87.4398
1010 87.4398
1011 87.4398
1012 87.4398
1013 87.4398
1014 87.4398
1015 87.4398
1016 87.4398
1017 87.4398
1018 87.4398
1019 87.4398
1020 87.4398
1021 87.4398
1022 87.4398
1023 87.4398
1024 87.4398
1025 87.4398
1026 87.4398
1027 87.4398
1028 87.4398
1029 87.4398
1030 87.4398
1031 87.4398
1032 87.4398
1033 87.4398
1034 87.4398
1035 87.4398
1036 87.4398
1037 87.4398
1038 87.4398
1039 87.4398
1040 87.4398
1041 87.4398
1042 87.4398
1043 87.4398
1044 87.4398
1045 87.4398
1046 87.4398
1047 87.4398
1048 87.4398
1049 87.4398
1050 87.4398
1051 87.4398
1052 87.4398
1053 87.4398
1054 87.4398
1055 87.4398
1056 87.4398
1057 87.4398
1058 87.4398
1059 87.4398
1060 87.4398
1061 87.4398
1062 87.4398
1063 87.4398
1064 87.4398
1065 87.4398
1066 87.4398
1067 87.4398
1068 87.4398
1069 87.4398
1070 87.4398
1071 87.4398
1072 87.4398
1073 87.4398
1074 87.4398
1075 87.4398
1076 87.4398
1077 87.4398
1078 87.4398
1079 87.4398
1080 87.4398
1081 87.4398
1082 87.4398
1083 87.4398
1084 87.4398
1085 87.4398
1086 87.4398
1087 87.4398
1088 87.4398
1089 87.4398
1090 87.4398
1091 87.4398
1092 87.4398
1093 87.4398
1094 87.4398
1095 87.4398
1096 87.4398
1097 87.4398
1098 87.4398
1099 87.4398
1100 87.4398
1101 87.4398
1102 87.4398
1103 87.4398
1104 87.4398
1105 87.4398
1106 87.4398
1107 87.4398
1108 87.4398
1109 87.4398
1110 87.4398
1111 87.4398
1112 87.4398
1113 87.4398
1114 87.4398
1115 87.4398
1116 87.4398
1117 87.4398
1118 87.4398
1119 87.4398
1120 87.4398
1121 87.4398
1122 87.4398
1123 87.4398
1124 87.4398
1125 87.4398
1126 87.4398
1127 87.4398
1128 87.4398
1129 87.4398
1130 87.4398
1131 87.4398
1132 87.4398
1133 87.4398
1134 87.4398
1135 87.4398
1136 87.4398
1137 87.4398
1138 87.4398
1139 87.4398
1140 87.4398
1141 87.4398
1142 87.4398
1143 87.4398
1144 87.4398
1145 87.4398
1146 87.4398
1147 87.4398
1148 87.4398
1149 87.4398
1150 87.4398
1151 87.4398
1152 87.4398
1153 87.4398
1154 87.4398
1155 87.4398
1156 87.4398
1157 87.4398
1158 87.4398
1159 87.4398
1160 87.4398
1161 87.4398
1162 87.4398
1163 87.4398
1164 87.4398
1165 87.4398
1166 87.4398
1167 87.4398
1168 87.4398
1169 87.4398
1170 87.4398
1171 87.4398
1172 87.4398
1173 87.4398
1174 87.4398
1175 87.4398
1176 87.4398
1177 87.4398
1178 87.4398
1179 87.4398
1180 87.4398
1181 87.4398
1182 87.4398
1183 87.4398
1184 87.4398
1185 87.4398
1186 87.4398
1187 87.4398
1188 87.4398
1189 87.4398
1190 87.4398
1191 87.4398
1192 87.4398
1193 87.4398
1194 87.4398
1195 87.4398
1196 87.4398
1197 87.4398
1198 87.4398
1199 87.4398
1200 87.4398
1201 87.4398
1202 87.4398
1203 87.4398
1204 87.4398
1205 87.4398
1206 87.4398
1207 87.4398
1208 87.4398
1209 87.4398
1210 87.4398
1211 87.4398
1212 87.4398
1213 87.4398
1214 87.4398
1215 87.4398
1216 87.4398
1217 87.4398
1218 87.4398
1219 87.4398
1220 87.4398
1221 87.4398
1222 87.4398
1223 87.4398
1224 87.4398
1225 87.4398
1226 87.4398
1227 87.4398
1228 87.4398
1229 87.4398
1230 87.4398
1231 87.4398
1232 87.4398
1233 87.4398
1234 87.4398
1235 87.4398
1236 87.4398
1237 87.4398
1238 87.4398
1239 87.4398
1240 87.4398
1241 87.4398
1242 87.4398
1243 87.4398
1244 87.4398
1245 87.4398
1246 87.4398
1247 87.4398
1248 87.4398
1249 87.4398
1250 87.4398
1251 87.4398
1252 87.4398
1253 87.4398
1254 87.4398
1255 87.4398
1256 87.4398
1257 87.4398
1258 87.4398
1259 87.4398
1260 87.4398
1261 87.4398
1262 87.4398
1263 87.4398
1264 87.4398
1265 87.4398
1266 87.4398
1267 87.4398
1268 87.4398
1269 87.4398
1270 87.4398
1271 87.4398
1272 87.4398
1273 87.4398
1274 87.4398
1275 87.4398
1276 87.4398
1277 87.4398
1278 87.4398
1279 87.4398
1280 87.4398
1281 87.4398
1282 87.4398
1283 87.4398
1284 87.4398
1285 87.4398
1286 87.4398
1287 87.4398
1288 87.4398
1289 87.4398
1290 87.4398
1291 87.4398
1292 87.4398
1293 87.4398
1294 87.4398
1295 87.4398
1296 87.4398
1297 87.4398
1298 87.4398
1299 87.4398
1300 87.4398
1301 87.4398
1302 87.4398
1303 87.4398
1304 87.4398
1305 87.4398
1306 87.4398
1307 87.4398
1308 87.4398
1309 87.4398
1310 87.4398
1311 87.4398
1312 87.4398
1313 87.4398
1314 87.4398
1315 87.4398
1316 87.4398
1317 87.4398
1318 87.4398
1319 87.4398
1320 87.4398
1321 87.4398
1322 87.4398
1323 87.4398
1324 87.4398
1325 87.4398
1326 87.4398
1327 87.4398
1328 87.4398
1329 87.4398
1330 87.4398
1331 87.4398
1332 87.4398
1333 87.4398
1334 87.4398
1335 87.4398
1336 87.4398
1337 87.4398
1338 87.4398
1339 87.4398
1340 87.4398
1341 87.4398
1342 87.4398
1343 87.4398
1344 87.4398
1345 87.4398
1346 87.4398
1347 87.4398
1348 87.4398
1349 87.4398
1350 87.4398
1351 87.4398
1352 87.4398
1353 87.4398
1354 87.4398
1355 87.4398
1356 87.4398
1357 87.4398
1358 87.4398
1359 87.4398
1360 87.4398
1361 87.4398
1362 87.4398
1363 87.4398
1364 87.4398
1365 87.4398
1366 87.4398
1367 87.4398
1368 87.4398
1369 87.4398
1370 87.4398
1371 87.4398
1372 87.4398
1373 87.4398
1374 87.4398
1375 87.4398
1376 87.4398
1377 87.4398
1378 87.4398
1379 87.4398
1380 87.4398
1381 87.4398
1382 87.4398
1383 87.4398
1384 87.4398
1385 87.4398
1386 87.4398
1387 87.4398
1388 87.4398
1389 87.4398
1390 87.4398
1391 87.4398
1392 87.4398
1393 87.4398
1394 87.4398
1395 87.4398
1396 87.4398
1397 87.4398
1398 87.4398
1399 87.4398
1400 87.4398
1401 87.4398
1402 87.4398
1403 87.4398
1404 87.4398
1405 87.4398
1406 87.4398
1407 87.4398
1408 87.4398
1409 87.4398
1410 87.4398
1411 87.4398
1412 87.4398
1413 87.4398
1414 87.4398
1415 87.4398
1416 87.4398
1417 87.4398
1418 87.4398
1419 87.4398
1420 87.4398
1421 87.4398
1422 87.4398
1423 87.4398
1424 87.4398
1425 87.4398
1426 87.4398
1427 87.4398
1428 87.4398
1429 87.4398
1430 87.4398
1431 87.4398
1432 87.4398
1433 87.4398
1434 87.4398
1435 87.4398
1436 87.4398
1437 87.4398
1438 87.4398
1439 87.4398
1440 87.4398
1441 87.4398
1442 87.4398
1443 87.4398
1444 87.4398
1445 87.4398
1446 87.4398
1447 87.4398
1448 87.4398
1449 87.4398
1450 87.4398
1451 87.4398
1452 87.4398
1453 87.4398
1454 87.4398
1455 87.4398
1456 87.4398
1457 87.4398
1458 87.4398
1459 87.4398
1460 87.4398
1461 87.4398
1462 87.4398
1463 87.4398
1464 87.4398
1465 87.4398
1466 87.4398
1467 87.4398
1468 87.4398
1469 87.4398
1470 87.4398
1471 87.4398
1472 87.4398
1473 87.4398
1474 87.4398
1475 87.4398
1476 87.4398
1477 87.4398
1478 87.4398
1479 87.4398
1480 87.4398
1481 87.4398
1482 87.4398
1483 87.4398
1484 87.4398
1485 87.4398
1486 87.4398
1487 87.4398
1488 87.4398
1489 87.4398
1490 87.4398
1491 87.4398
1492 87.4398
1493 87.4398
1494 87.4398
1495 87.4398
1496 87.4398
1497 87.4398
1498 87.4398
1499 87.4398
1500 87.4398
1501 87.4398
1502 87.4398
1503 87.4398
1504 87.4398
1505 87.4398
1506 87.4398
1507 87.4398
1508 87.4398
1509 87.4398
1510 87.4398
1511 87.4398
1512 87.4398
1513 87.4398
1514 87.4398
1515 87.4398
1516 87.4398
1517 87.4398
1518 87.4398
1519 87.4398
1520 87.4398
1521 87.4398
1522 87.4398
1523 87.4398
1524 87.4398
1525 87.4398
1526 87.4398
15000 87.4398
